   3.0000000e+00  -1.4695762e-15   0.0000000e+00
   3.0054083e+00   7.5085423e-03   0.0000000e+00
   3.0108192e+00   1.5030639e-02   0.0000000e+00
   3.0162327e+00   2.2566322e-02   0.0000000e+00
   3.0216489e+00   3.0115627e-02   0.0000000e+00
   3.0270677e+00   3.7678586e-02   0.0000000e+00
   3.0324892e+00   4.5255234e-02   0.0000000e+00
   3.0379133e+00   5.2845604e-02   0.0000000e+00
   3.0433400e+00   6.0449730e-02   0.0000000e+00
   3.0487694e+00   6.8067647e-02   0.0000000e+00
   3.0542015e+00   7.5699388e-02   0.0000000e+00
   3.0596362e+00   8.3344988e-02   0.0000000e+00
   3.0650736e+00   9.1004481e-02   0.0000000e+00
   3.0705137e+00   9.8677903e-02   0.0000000e+00
   3.0759565e+00   1.0636529e-01   0.0000000e+00
   3.0814019e+00   1.1406667e-01   0.0000000e+00
   3.0868501e+00   1.2178208e-01   0.0000000e+00
   3.0923009e+00   1.2951156e-01   0.0000000e+00
   3.0977544e+00   1.3725514e-01   0.0000000e+00
   3.1032107e+00   1.4501287e-01   0.0000000e+00
   3.1086696e+00   1.5278476e-01   0.0000000e+00
   3.1141313e+00   1.6057086e-01   0.0000000e+00
   3.1195957e+00   1.6837121e-01   0.0000000e+00
   3.1250628e+00   1.7618583e-01   0.0000000e+00
   3.1305326e+00   1.8401477e-01   0.0000000e+00
   3.1360052e+00   1.9185807e-01   0.0000000e+00
   3.1414805e+00   1.9971575e-01   0.0000000e+00
   3.1469585e+00   2.0758785e-01   0.0000000e+00
   3.1524393e+00   2.1547441e-01   0.0000000e+00
   3.1579229e+00   2.2337547e-01   0.0000000e+00
   3.1634092e+00   2.3129107e-01   0.0000000e+00
   3.1688983e+00   2.3922123e-01   0.0000000e+00
   3.1743901e+00   2.4716600e-01   0.0000000e+00
   3.1798847e+00   2.5512541e-01   0.0000000e+00
   3.1853821e+00   2.6309951e-01   0.0000000e+00
   3.1908823e+00   2.7108832e-01   0.0000000e+00
   3.1963852e+00   2.7909188e-01   0.0000000e+00
   3.2018910e+00   2.8711024e-01   0.0000000e+00
   3.2073995e+00   2.9514343e-01   0.0000000e+00
   3.2129109e+00   3.0319148e-01   0.0000000e+00
   3.2184250e+00   3.1125444e-01   0.0000000e+00
   3.2239420e+00   3.1933234e-01   0.0000000e+00
   3.2294617e+00   3.2742522e-01   0.0000000e+00
   3.2349843e+00   3.3553313e-01   0.0000000e+00
   3.2405098e+00   3.4365609e-01   0.0000000e+00
   3.2460380e+00   3.5179414e-01   0.0000000e+00
   3.2515691e+00   3.5994733e-01   0.0000000e+00
   3.2571030e+00   3.6811569e-01   0.0000000e+00
   3.2626398e+00   3.7629927e-01   0.0000000e+00
   3.2681794e+00   3.8449809e-01   0.0000000e+00
   3.2737219e+00   3.9271221e-01   0.0000000e+00
   3.2792672e+00   4.0094165e-01   0.0000000e+00
   3.2848154e+00   4.0918647e-01   0.0000000e+00
   3.2903665e+00   4.1744669e-01   0.0000000e+00
   3.2959204e+00   4.2572236e-01   0.0000000e+00
   3.3014773e+00   4.3401351e-01   0.0000000e+00
   3.3070370e+00   4.4232019e-01   0.0000000e+00
   3.3125996e+00   4.5064244e-01   0.0000000e+00
   3.3181650e+00   4.5898030e-01   0.0000000e+00
   3.3237334e+00   4.6733380e-01   0.0000000e+00
   3.3293047e+00   4.7570299e-01   0.0000000e+00
   3.3348789e+00   4.8408791e-01   0.0000000e+00
   3.3404560e+00   4.9248860e-01   0.0000000e+00
   3.3460361e+00   5.0090509e-01   0.0000000e+00
   3.3516190e+00   5.0933744e-01   0.0000000e+00
   3.3572049e+00   5.1778568e-01   0.0000000e+00
   3.3627937e+00   5.2624985e-01   0.0000000e+00
   3.3683855e+00   5.3473000e-01   0.0000000e+00
   3.3739802e+00   5.4322616e-01   0.0000000e+00
   3.3795778e+00   5.5173838e-01   0.0000000e+00
   3.3851784e+00   5.6026670e-01   0.0000000e+00
   3.3907820e+00   5.6881116e-01   0.0000000e+00
   3.3963885e+00   5.7737180e-01   0.0000000e+00
   3.4019980e+00   5.8594867e-01   0.0000000e+00
   3.4076104e+00   5.9454181e-01   0.0000000e+00
   3.4132259e+00   6.0315125e-01   0.0000000e+00
   3.4188443e+00   6.1177705e-01   0.0000000e+00
   3.4244657e+00   6.2041924e-01   0.0000000e+00
   3.4300901e+00   6.2907788e-01   0.0000000e+00
   3.4357175e+00   6.3775299e-01   0.0000000e+00
   3.4413479e+00   6.4644463e-01   0.0000000e+00
   3.4469813e+00   6.5515284e-01   0.0000000e+00
   3.4526177e+00   6.6387766e-01   0.0000000e+00
   3.4582572e+00   6.7261913e-01   0.0000000e+00
   3.4638996e+00   6.8137731e-01   0.0000000e+00
   3.4695451e+00   6.9015223e-01   0.0000000e+00
   3.4751936e+00   6.9894393e-01   0.0000000e+00
   3.4808452e+00   7.0775247e-01   0.0000000e+00
   3.4864998e+00   7.1657788e-01   0.0000000e+00
   3.4921574e+00   7.2542021e-01   0.0000000e+00
   3.4978181e+00   7.3427951e-01   0.0000000e+00
   3.5034819e+00   7.4315582e-01   0.0000000e+00
   3.5091487e+00   7.5204918e-01   0.0000000e+00
   3.5148186e+00   7.6095965e-01   0.0000000e+00
   3.5204916e+00   7.6988726e-01   0.0000000e+00
   3.5261676e+00   7.7883206e-01   0.0000000e+00
   3.5318467e+00   7.8779410e-01   0.0000000e+00
   3.5375289e+00   7.9677342e-01   0.0000000e+00
   3.5432142e+00   8.0577007e-01   0.0000000e+00
   3.5489026e+00   8.1478410e-01   0.0000000e+00
   3.5545941e+00   8.2381555e-01   0.0000000e+00
   3.5602887e+00   8.3286446e-01   0.0000000e+00
   3.5659865e+00   8.4193089e-01   0.0000000e+00
   3.5716873e+00   8.5101488e-01   0.0000000e+00
   3.5773913e+00   8.6011648e-01   0.0000000e+00
   3.5830983e+00   8.6923573e-01   0.0000000e+00
   3.5888086e+00   8.7837269e-01   0.0000000e+00
   3.5945219e+00   8.8752740e-01   0.0000000e+00
   3.6002384e+00   8.9669990e-01   0.0000000e+00
   3.6059581e+00   9.0589025e-01   0.0000000e+00
   3.6116809e+00   9.1509849e-01   0.0000000e+00
   3.6174068e+00   9.2432468e-01   0.0000000e+00
   3.6231360e+00   9.3356885e-01   0.0000000e+00
   3.6288683e+00   9.4283107e-01   0.0000000e+00
   3.6346037e+00   9.5211137e-01   0.0000000e+00
   3.6403424e+00   9.6140980e-01   0.0000000e+00
   3.6460842e+00   9.7072642e-01   0.0000000e+00
   3.6518292e+00   9.8006128e-01   0.0000000e+00
   3.6575774e+00   9.8941441e-01   0.0000000e+00
   3.6633288e+00   9.9878588e-01   0.0000000e+00
   3.6690834e+00   1.0081757e+00   0.0000000e+00
   3.6748413e+00   1.0175840e+00   0.0000000e+00
   3.6806023e+00   1.0270108e+00   0.0000000e+00
   3.6863665e+00   1.0364561e+00   0.0000000e+00
   3.6921340e+00   1.0459200e+00   0.0000000e+00
   3.6979047e+00   1.0554025e+00   0.0000000e+00
   3.7036787e+00   1.0649037e+00   0.0000000e+00
   3.7094558e+00   1.0744236e+00   0.0000000e+00
   3.7152363e+00   1.0839623e+00   0.0000000e+00
   3.7210199e+00   1.0935199e+00   0.0000000e+00
   3.7268069e+00   1.1030963e+00   0.0000000e+00
   3.7325970e+00   1.1126917e+00   0.0000000e+00
   3.7383905e+00   1.1223061e+00   0.0000000e+00
   3.7441872e+00   1.1319395e+00   0.0000000e+00
   3.7499872e+00   1.1415920e+00   0.0000000e+00
   3.7557905e+00   1.1512637e+00   0.0000000e+00
   3.7615970e+00   1.1609545e+00   0.0000000e+00
   3.7674069e+00   1.1706647e+00   0.0000000e+00
   3.7732200e+00   1.1803941e+00   0.0000000e+00
   3.7790365e+00   1.1901429e+00   0.0000000e+00
   3.7848562e+00   1.1999111e+00   0.0000000e+00
   3.7906793e+00   1.2096987e+00   0.0000000e+00
   3.7965056e+00   1.2195059e+00   0.0000000e+00
   3.8023353e+00   1.2293327e+00   0.0000000e+00
   3.8081684e+00   1.2391791e+00   0.0000000e+00
   3.8140047e+00   1.2490451e+00   0.0000000e+00
   3.8198444e+00   1.2589309e+00   0.0000000e+00
   3.8256874e+00   1.2688365e+00   0.0000000e+00
   3.8315338e+00   1.2787620e+00   0.0000000e+00
   3.8373835e+00   1.2887073e+00   0.0000000e+00
   3.8432366e+00   1.2986726e+00   0.0000000e+00
   3.8490930e+00   1.3086579e+00   0.0000000e+00
   3.8549529e+00   1.3186633e+00   0.0000000e+00
   3.8608160e+00   1.3286888e+00   0.0000000e+00
   3.8666826e+00   1.3387345e+00   0.0000000e+00
   3.8725525e+00   1.3488004e+00   0.0000000e+00
   3.8784259e+00   1.3588866e+00   0.0000000e+00
   3.8843026e+00   1.3689932e+00   0.0000000e+00
   3.8901827e+00   1.3791202e+00   0.0000000e+00
   3.8960662e+00   1.3892676e+00   0.0000000e+00
   3.9019531e+00   1.3994356e+00   0.0000000e+00
   3.9078435e+00   1.4096241e+00   0.0000000e+00
   3.9137372e+00   1.4198332e+00   0.0000000e+00
   3.9196344e+00   1.4300631e+00   0.0000000e+00
   3.9255350e+00   1.4403137e+00   0.0000000e+00
   3.9314390e+00   1.4505851e+00   0.0000000e+00
   3.9373465e+00   1.4608774e+00   0.0000000e+00
   3.9432574e+00   1.4711906e+00   0.0000000e+00
   3.9491718e+00   1.4815248e+00   0.0000000e+00
   3.9550896e+00   1.4918801e+00   0.0000000e+00
   3.9610109e+00   1.5022564e+00   0.0000000e+00
   3.9669356e+00   1.5126539e+00   0.0000000e+00
   3.9728639e+00   1.5230727e+00   0.0000000e+00
   3.9787955e+00   1.5335127e+00   0.0000000e+00
   3.9847307e+00   1.5439740e+00   0.0000000e+00
   3.9906693e+00   1.5544568e+00   0.0000000e+00
   3.9966115e+00   1.5649610e+00   0.0000000e+00
   4.0025571e+00   1.5754868e+00   0.0000000e+00
   4.0085062e+00   1.5860341e+00   0.0000000e+00
   4.0144589e+00   1.5966031e+00   0.0000000e+00
   4.0204150e+00   1.6071938e+00   0.0000000e+00
   4.0263747e+00   1.6178063e+00   0.0000000e+00
   4.0323379e+00   1.6284406e+00   0.0000000e+00
   4.0383046e+00   1.6390968e+00   0.0000000e+00
   4.0442748e+00   1.6497750e+00   0.0000000e+00
   4.0502486e+00   1.6604752e+00   0.0000000e+00
   4.0562259e+00   1.6711974e+00   0.0000000e+00
   4.0622067e+00   1.6819419e+00   0.0000000e+00
   4.0681911e+00   1.6927085e+00   0.0000000e+00
   4.0741791e+00   1.7034974e+00   0.0000000e+00
   4.0801706e+00   1.7143086e+00   0.0000000e+00
   4.0861657e+00   1.7251423e+00   0.0000000e+00
   4.0921644e+00   1.7359984e+00   0.0000000e+00
   4.0981666e+00   1.7468770e+00   0.0000000e+00
   4.1041724e+00   1.7577783e+00   0.0000000e+00
   4.1101818e+00   1.7687022e+00   0.0000000e+00
   4.1161948e+00   1.7796488e+00   0.0000000e+00
   4.1222114e+00   1.7906182e+00   0.0000000e+00
   4.1282316e+00   1.8016105e+00   0.0000000e+00
   4.1342554e+00   1.8126257e+00   0.0000000e+00
   4.1402828e+00   1.8236639e+00   0.0000000e+00
   4.1463138e+00   1.8347252e+00   0.0000000e+00
   4.1523485e+00   1.8458095e+00   0.0000000e+00
   4.1583868e+00   1.8569171e+00   0.0000000e+00
   4.1644287e+00   1.8680479e+00   0.0000000e+00
   4.1704742e+00   1.8792021e+00   0.0000000e+00
   4.1765234e+00   1.8903796e+00   0.0000000e+00
   4.1825763e+00   1.9015807e+00   0.0000000e+00
   4.1886327e+00   1.9128052e+00   0.0000000e+00
   4.1946929e+00   1.9240533e+00   0.0000000e+00
   4.2007567e+00   1.9353251e+00   0.0000000e+00
   4.2068242e+00   1.9466207e+00   0.0000000e+00
   4.2128953e+00   1.9579400e+00   0.0000000e+00
   4.2189701e+00   1.9692833e+00   0.0000000e+00
   4.2250486e+00   1.9806504e+00   0.0000000e+00
   4.2311308e+00   1.9920416e+00   0.0000000e+00
   4.2372167e+00   2.0034569e+00   0.0000000e+00
   4.2433063e+00   2.0148963e+00   0.0000000e+00
   4.2493996e+00   2.0263600e+00   0.0000000e+00
   4.2554966e+00   2.0378479e+00   0.0000000e+00
   4.2615973e+00   2.0493603e+00   0.0000000e+00
   4.2677018e+00   2.0608971e+00   0.0000000e+00
   4.2738099e+00   2.0724583e+00   0.0000000e+00
   4.2799218e+00   2.0840442e+00   0.0000000e+00
   4.2860374e+00   2.0956547e+00   0.0000000e+00
   4.2921568e+00   2.1072900e+00   0.0000000e+00
   4.2982799e+00   2.1189501e+00   0.0000000e+00
   4.3044067e+00   2.1306350e+00   0.0000000e+00
   4.3105373e+00   2.1423449e+00   0.0000000e+00
   4.3166717e+00   2.1540799e+00   0.0000000e+00
   4.3228098e+00   2.1658399e+00   0.0000000e+00
   4.3289517e+00   2.1776251e+00   0.0000000e+00
   4.3350973e+00   2.1894355e+00   0.0000000e+00
   4.3412468e+00   2.2012713e+00   0.0000000e+00
   4.3474000e+00   2.2131325e+00   0.0000000e+00
   4.3535570e+00   2.2250192e+00   0.0000000e+00
   4.3597178e+00   2.2369314e+00   0.0000000e+00
   4.3658824e+00   2.2488692e+00   0.0000000e+00
   4.3720508e+00   2.2608327e+00   0.0000000e+00
   4.3782231e+00   2.2728221e+00   0.0000000e+00
   4.3843991e+00   2.2848373e+00   0.0000000e+00
   4.3905790e+00   2.2968784e+00   0.0000000e+00
   4.3967626e+00   2.3089455e+00   0.0000000e+00
   4.4029501e+00   2.3210387e+00   0.0000000e+00
   4.4091415e+00   2.3331581e+00   0.0000000e+00
   4.4153366e+00   2.3453038e+00   0.0000000e+00
   4.4215357e+00   2.3574757e+00   0.0000000e+00
   4.4277385e+00   2.3696741e+00   0.0000000e+00
   4.4339452e+00   2.3818990e+00   0.0000000e+00
   4.4401558e+00   2.3941504e+00   0.0000000e+00
   4.4463703e+00   2.4064285e+00   0.0000000e+00
   4.4525886e+00   2.4187333e+00   0.0000000e+00
   4.4588108e+00   2.4310649e+00   0.0000000e+00
   4.4650368e+00   2.4434234e+00   0.0000000e+00
   4.4712668e+00   2.4558089e+00   0.0000000e+00
   4.4775006e+00   2.4682214e+00   0.0000000e+00
   4.4837383e+00   2.4806611e+00   0.0000000e+00
   4.4899799e+00   2.4931280e+00   0.0000000e+00
   4.4962254e+00   2.5056222e+00   0.0000000e+00
   4.5024749e+00   2.5181437e+00   0.0000000e+00
   4.5087282e+00   2.5306928e+00   0.0000000e+00
   4.5149855e+00   2.5432693e+00   0.0000000e+00
   4.5212467e+00   2.5558736e+00   0.0000000e+00
   4.5275118e+00   2.5685055e+00   0.0000000e+00
   4.5337808e+00   2.5811652e+00   0.0000000e+00
   4.5400538e+00   2.5938529e+00   0.0000000e+00
   4.5463307e+00   2.6065685e+00   0.0000000e+00
   4.5526116e+00   2.6193121e+00   0.0000000e+00
   4.5588964e+00   2.6320839e+00   0.0000000e+00
   4.5651851e+00   2.6448839e+00   0.0000000e+00
   4.5714779e+00   2.6577123e+00   0.0000000e+00
   4.5777746e+00   2.6705690e+00   0.0000000e+00
   4.5840752e+00   2.6834543e+00   0.0000000e+00
   4.5903799e+00   2.6963681e+00   0.0000000e+00
   4.5966885e+00   2.7093106e+00   0.0000000e+00
   4.6030011e+00   2.7222819e+00   0.0000000e+00
   4.6093177e+00   2.7352820e+00   0.0000000e+00
   4.6156383e+00   2.7483110e+00   0.0000000e+00
   4.6219628e+00   2.7613690e+00   0.0000000e+00
   4.6282914e+00   2.7744562e+00   0.0000000e+00
   4.6346240e+00   2.7875726e+00   0.0000000e+00
   4.6409606e+00   2.8007182e+00   0.0000000e+00
   4.6473013e+00   2.8138933e+00   0.0000000e+00
   4.6536459e+00   2.8270978e+00   0.0000000e+00
   4.6599946e+00   2.8403319e+00   0.0000000e+00
   4.6663473e+00   2.8535957e+00   0.0000000e+00
   4.6727040e+00   2.8668892e+00   0.0000000e+00
   4.6790648e+00   2.8802125e+00   0.0000000e+00
   4.6854297e+00   2.8935658e+00   0.0000000e+00
   4.6917985e+00   2.9069492e+00   0.0000000e+00
   4.6981715e+00   2.9203626e+00   0.0000000e+00
   4.7045485e+00   2.9338063e+00   0.0000000e+00
   4.7109295e+00   2.9472803e+00   0.0000000e+00
   4.7173147e+00   2.9607846e+00   0.0000000e+00
   4.7237039e+00   2.9743195e+00   0.0000000e+00
   4.7300971e+00   2.9878850e+00   0.0000000e+00
   4.7364945e+00   3.0014812e+00   0.0000000e+00
   4.7428959e+00   3.0151082e+00   0.0000000e+00
   4.7493015e+00   3.0287661e+00   0.0000000e+00
   4.7557111e+00   3.0424550e+00   0.0000000e+00
   4.7621249e+00   3.0561749e+00   0.0000000e+00
   4.7685427e+00   3.0699260e+00   0.0000000e+00
   4.7749647e+00   3.0837085e+00   0.0000000e+00
   4.7813907e+00   3.0975223e+00   0.0000000e+00
   4.7878209e+00   3.1113675e+00   0.0000000e+00
   4.7942552e+00   3.1252444e+00   0.0000000e+00
   4.8006936e+00   3.1391529e+00   0.0000000e+00
   4.8071362e+00   3.1530932e+00   0.0000000e+00
   4.8135829e+00   3.1670654e+00   0.0000000e+00
   4.8200338e+00   3.1810696e+00   0.0000000e+00
   4.8264888e+00   3.1951059e+00   0.0000000e+00
   4.8329479e+00   3.2091743e+00   0.0000000e+00
   4.8394112e+00   3.2232750e+00   0.0000000e+00
   4.8458787e+00   3.2374082e+00   0.0000000e+00
   4.8523503e+00   3.2515738e+00   0.0000000e+00
   4.8588261e+00   3.2657720e+00   0.0000000e+00
   4.8653060e+00   3.2800029e+00   0.0000000e+00
   4.8717901e+00   3.2942667e+00   0.0000000e+00
   4.8782785e+00   3.3085633e+00   0.0000000e+00
   4.8847710e+00   3.3228930e+00   0.0000000e+00
   4.8912676e+00   3.3372558e+00   0.0000000e+00
   4.8977685e+00   3.3516518e+00   0.0000000e+00
   4.9042736e+00   3.3660811e+00   0.0000000e+00
   4.9107829e+00   3.3805439e+00   0.0000000e+00
   4.9172964e+00   3.3950403e+00   0.0000000e+00
   4.9238141e+00   3.4095703e+00   0.0000000e+00
   4.9303360e+00   3.4241341e+00   0.0000000e+00
   4.9368621e+00   3.4387317e+00   0.0000000e+00
   4.9433924e+00   3.4533634e+00   0.0000000e+00
   4.9499270e+00   3.4680291e+00   0.0000000e+00
   4.9564658e+00   3.4827291e+00   0.0000000e+00
   4.9630089e+00   3.4974633e+00   0.0000000e+00
   4.9695561e+00   3.5122320e+00   0.0000000e+00
   4.9761077e+00   3.5270353e+00   0.0000000e+00
   4.9826634e+00   3.5418732e+00   0.0000000e+00
   4.9892235e+00   3.5567458e+00   0.0000000e+00
   4.9957877e+00   3.5716534e+00   0.0000000e+00
   5.0023563e+00   3.5865959e+00   0.0000000e+00
   5.0089291e+00   3.6015736e+00   0.0000000e+00
   5.0155062e+00   3.6165864e+00   0.0000000e+00
   5.0220875e+00   3.6316346e+00   0.0000000e+00
   5.0286731e+00   3.6467183e+00   0.0000000e+00
   5.0352630e+00   3.6618375e+00   0.0000000e+00
   5.0418572e+00   3.6769924e+00   0.0000000e+00
   5.0484557e+00   3.6921831e+00   0.0000000e+00
   5.0550584e+00   3.7074098e+00   0.0000000e+00
   5.0616655e+00   3.7226725e+00   0.0000000e+00
   5.0682768e+00   3.7379713e+00   0.0000000e+00
   5.0748925e+00   3.7533064e+00   0.0000000e+00
   5.0815124e+00   3.7686779e+00   0.0000000e+00
   5.0881367e+00   3.7840859e+00   0.0000000e+00
   5.0947653e+00   3.7995306e+00   0.0000000e+00
   5.1013982e+00   3.8150120e+00   0.0000000e+00
   5.1080354e+00   3.8305303e+00   0.0000000e+00
   5.1146770e+00   3.8460856e+00   0.0000000e+00
   5.1213228e+00   3.8616780e+00   0.0000000e+00
   5.1279730e+00   3.8773076e+00   0.0000000e+00
   5.1346276e+00   3.8929747e+00   0.0000000e+00
   5.1412865e+00   3.9086792e+00   0.0000000e+00
   5.1479497e+00   3.9244213e+00   0.0000000e+00
   5.1546173e+00   3.9402012e+00   0.0000000e+00
   5.1612892e+00   3.9560190e+00   0.0000000e+00
   5.1679655e+00   3.9718747e+00   0.0000000e+00
   5.1746461e+00   3.9877686e+00   0.0000000e+00
   5.1813311e+00   4.0037007e+00   0.0000000e+00
   5.1880205e+00   4.0196712e+00   0.0000000e+00
   5.1947142e+00   4.0356802e+00   0.0000000e+00
   5.2014123e+00   4.0517278e+00   0.0000000e+00
   5.2081148e+00   4.0678142e+00   0.0000000e+00
   5.2148216e+00   4.0839395e+00   0.0000000e+00
   5.2215329e+00   4.1001039e+00   0.0000000e+00
   5.2282485e+00   4.1163073e+00   0.0000000e+00
   5.2349685e+00   4.1325501e+00   0.0000000e+00
   5.2416929e+00   4.1488323e+00   0.0000000e+00
   5.2484217e+00   4.1651540e+00   0.0000000e+00
   5.2551549e+00   4.1815155e+00   0.0000000e+00
   5.2618925e+00   4.1979167e+00   0.0000000e+00
   5.2686345e+00   4.2143579e+00   0.0000000e+00
   5.2753809e+00   4.2308392e+00   0.0000000e+00
   5.2821317e+00   4.2473607e+00   0.0000000e+00
   5.2888869e+00   4.2639226e+00   0.0000000e+00
   5.2956465e+00   4.2805250e+00   0.0000000e+00
   5.3024106e+00   4.2971680e+00   0.0000000e+00
   5.3091791e+00   4.3138518e+00   0.0000000e+00
   5.3159520e+00   4.3305765e+00   0.0000000e+00
   5.3227293e+00   4.3473423e+00   0.0000000e+00
   5.3295111e+00   4.3641493e+00   0.0000000e+00
   5.3362973e+00   4.3809976e+00   0.0000000e+00
   5.3430879e+00   4.3978873e+00   0.0000000e+00
   5.3498830e+00   4.4148187e+00   0.0000000e+00
   5.3566825e+00   4.4317919e+00   0.0000000e+00
   5.3634865e+00   4.4488069e+00   0.0000000e+00
   5.3702949e+00   4.4658640e+00   0.0000000e+00
   5.3771078e+00   4.4829633e+00   0.0000000e+00
   5.3839251e+00   4.5001049e+00   0.0000000e+00
   5.3907469e+00   4.5172890e+00   0.0000000e+00
   5.3975731e+00   4.5345157e+00   0.0000000e+00
   5.4044038e+00   4.5517852e+00   0.0000000e+00
   5.4112390e+00   4.5690976e+00   0.0000000e+00
   5.4180786e+00   4.5864531e+00   0.0000000e+00
   5.4249227e+00   4.6038518e+00   0.0000000e+00
   5.4317713e+00   4.6212939e+00   0.0000000e+00
   5.4386243e+00   4.6387795e+00   0.0000000e+00
   5.4454818e+00   4.6563088e+00   0.0000000e+00
   5.4523438e+00   4.6738819e+00   0.0000000e+00
   5.4592103e+00   4.6914989e+00   0.0000000e+00
   5.4660813e+00   4.7091601e+00   0.0000000e+00
   5.4729567e+00   4.7268656e+00   0.0000000e+00
   5.4798366e+00   4.7446154e+00   0.0000000e+00
   5.4867211e+00   4.7624099e+00   0.0000000e+00
   5.4936100e+00   4.7802491e+00   0.0000000e+00
   5.5005034e+00   4.7981333e+00   0.0000000e+00
   5.5074013e+00   4.8160624e+00   0.0000000e+00
   5.5143037e+00   4.8340368e+00   0.0000000e+00
   5.5212106e+00   4.8520566e+00   0.0000000e+00
   5.5281220e+00   4.8701219e+00   0.0000000e+00
   5.5350379e+00   4.8882329e+00   0.0000000e+00
   5.5419583e+00   4.9063897e+00   0.0000000e+00
   5.5488833e+00   4.9245925e+00   0.0000000e+00
   5.5558127e+00   4.9428415e+00   0.0000000e+00
   5.5627466e+00   4.9611369e+00   0.0000000e+00
   5.5696851e+00   4.9794788e+00   0.0000000e+00
   5.5766281e+00   4.9978673e+00   0.0000000e+00
   5.5835756e+00   5.0163026e+00   0.0000000e+00
   5.5905276e+00   5.0347850e+00   0.0000000e+00
   5.5974841e+00   5.0533145e+00   0.0000000e+00
   5.6044451e+00   5.0718913e+00   0.0000000e+00
   5.6114107e+00   5.0905156e+00   0.0000000e+00
   5.6183808e+00   5.1091876e+00   0.0000000e+00
   5.6253554e+00   5.1279074e+00   0.0000000e+00
   5.6323346e+00   5.1466752e+00   0.0000000e+00
   5.6393182e+00   5.1654912e+00   0.0000000e+00
   5.6463064e+00   5.1843556e+00   0.0000000e+00
   5.6532992e+00   5.2032684e+00   0.0000000e+00
   5.6602964e+00   5.2222300e+00   0.0000000e+00
   5.6672982e+00   5.2412404e+00   0.0000000e+00
   5.6743046e+00   5.2602998e+00   0.0000000e+00
   5.6813154e+00   5.2794085e+00   0.0000000e+00
   5.6883308e+00   5.2985666e+00   0.0000000e+00
   5.6953508e+00   5.3177742e+00   0.0000000e+00
   5.7023752e+00   5.3370316e+00   0.0000000e+00
   5.7094043e+00   5.3563388e+00   0.0000000e+00
   5.7164378e+00   5.3756963e+00   0.0000000e+00
   5.7234759e+00   5.3951039e+00   0.0000000e+00
   5.7305185e+00   5.4145621e+00   0.0000000e+00
   5.7375657e+00   5.4340709e+00   0.0000000e+00
   5.7446174e+00   5.4536305e+00   0.0000000e+00
   5.7516737e+00   5.4732412e+00   0.0000000e+00
   5.7587345e+00   5.4929030e+00   0.0000000e+00
   5.7657998e+00   5.5126163e+00   0.0000000e+00
   5.7728697e+00   5.5323811e+00   0.0000000e+00
   5.7799441e+00   5.5521976e+00   0.0000000e+00
   5.7870231e+00   5.5720662e+00   0.0000000e+00
   5.7941066e+00   5.5919868e+00   0.0000000e+00
   5.8011947e+00   5.6119598e+00   0.0000000e+00
   5.8082873e+00   5.6319853e+00   0.0000000e+00
   5.8153845e+00   5.6520635e+00   0.0000000e+00
   5.8224862e+00   5.6721946e+00   0.0000000e+00
   5.8295924e+00   5.6923787e+00   0.0000000e+00
   5.8367032e+00   5.7126162e+00   0.0000000e+00
   5.8438185e+00   5.7329072e+00   0.0000000e+00
   5.8509384e+00   5.7532518e+00   0.0000000e+00
   5.8580628e+00   5.7736503e+00   0.0000000e+00
   5.8651918e+00   5.7941029e+00   0.0000000e+00
   5.8723253e+00   5.8146098e+00   0.0000000e+00
   5.8794633e+00   5.8351711e+00   0.0000000e+00
   5.8866059e+00   5.8557871e+00   0.0000000e+00
   5.8937531e+00   5.8764580e+00   0.0000000e+00
   5.9009047e+00   5.8971840e+00   0.0000000e+00
   5.9080610e+00   5.9179652e+00   0.0000000e+00
   5.9152217e+00   5.9388019e+00   0.0000000e+00
   5.9223870e+00   5.9596943e+00   0.0000000e+00
   5.9295568e+00   5.9806426e+00   0.0000000e+00
   5.9367312e+00   6.0016470e+00   0.0000000e+00
   5.9439101e+00   6.0227078e+00   0.0000000e+00
   5.9510935e+00   6.0438250e+00   0.0000000e+00
   5.9582815e+00   6.0649990e+00   0.0000000e+00
   5.9654740e+00   6.0862299e+00   0.0000000e+00
   5.9726710e+00   6.1075180e+00   0.0000000e+00
   5.9798726e+00   6.1288634e+00   0.0000000e+00
   5.9870786e+00   6.1502664e+00   0.0000000e+00
   5.9942893e+00   6.1717273e+00   0.0000000e+00
   6.0015044e+00   6.1932461e+00   0.0000000e+00
   6.0087240e+00   6.2148232e+00   0.0000000e+00
   6.0159482e+00   6.2364587e+00   0.0000000e+00
   6.0231769e+00   6.2581529e+00   0.0000000e+00
   6.0304101e+00   6.2799060e+00   0.0000000e+00
   6.0376479e+00   6.3017182e+00   0.0000000e+00
   6.0448901e+00   6.3235897e+00   0.0000000e+00
   6.0521369e+00   6.3455208e+00   0.0000000e+00
   6.0593881e+00   6.3675116e+00   0.0000000e+00
   6.0666439e+00   6.3895625e+00   0.0000000e+00
   6.0739042e+00   6.4116736e+00   0.0000000e+00
   6.0811689e+00   6.4338452e+00   0.0000000e+00
   6.0884382e+00   6.4560775e+00   0.0000000e+00
   6.0957120e+00   6.4783707e+00   0.0000000e+00
   6.1029902e+00   6.5007250e+00   0.0000000e+00
   6.1102730e+00   6.5231408e+00   0.0000000e+00
   6.1175602e+00   6.5456181e+00   0.0000000e+00
   6.1248520e+00   6.5681573e+00   0.0000000e+00
   6.1321482e+00   6.5907586e+00   0.0000000e+00
   6.1394489e+00   6.6134223e+00   0.0000000e+00
   6.1467540e+00   6.6361485e+00   0.0000000e+00
   6.1540637e+00   6.6589375e+00   0.0000000e+00
   6.1613778e+00   6.6817895e+00   0.0000000e+00
   6.1686964e+00   6.7047048e+00   0.0000000e+00
   6.1760194e+00   6.7276837e+00   0.0000000e+00
   6.1833469e+00   6.7507263e+00   0.0000000e+00
   6.1906789e+00   6.7738330e+00   0.0000000e+00
   6.1980153e+00   6.7970039e+00   0.0000000e+00
   6.2053561e+00   6.8202394e+00   0.0000000e+00
   6.2127014e+00   6.8435396e+00   0.0000000e+00
   6.2200512e+00   6.8669048e+00   0.0000000e+00
   6.2274053e+00   6.8903353e+00   0.0000000e+00
   6.2347639e+00   6.9138313e+00   0.0000000e+00
   6.2421270e+00   6.9373930e+00   0.0000000e+00
   6.2494944e+00   6.9610208e+00   0.0000000e+00
   6.2568663e+00   6.9847149e+00   0.0000000e+00
   6.2642426e+00   7.0084755e+00   0.0000000e+00
   6.2716233e+00   7.0323029e+00   0.0000000e+00
   6.2790084e+00   7.0561974e+00   0.0000000e+00
   6.2863979e+00   7.0801592e+00   0.0000000e+00
   6.2937918e+00   7.1041885e+00   0.0000000e+00
   6.3011901e+00   7.1282858e+00   0.0000000e+00
   6.3085927e+00   7.1524511e+00   0.0000000e+00
   6.3159998e+00   7.1766848e+00   0.0000000e+00
   6.3234112e+00   7.2009871e+00   0.0000000e+00
   6.3308269e+00   7.2253584e+00   0.0000000e+00
   6.3382471e+00   7.2497988e+00   0.0000000e+00
   6.3456716e+00   7.2743087e+00   0.0000000e+00
   6.3531004e+00   7.2988883e+00   0.0000000e+00
   6.3605336e+00   7.3235380e+00   0.0000000e+00
   6.3679712e+00   7.3482579e+00   0.0000000e+00
   6.3754130e+00   7.3730484e+00   0.0000000e+00
   6.3828592e+00   7.3979097e+00   0.0000000e+00
   6.3903097e+00   7.4228421e+00   0.0000000e+00
   6.3977645e+00   7.4478459e+00   0.0000000e+00
   6.4052236e+00   7.4729214e+00   0.0000000e+00
   6.4126871e+00   7.4980689e+00   0.0000000e+00
   6.4201548e+00   7.5232886e+00   0.0000000e+00
   6.4276268e+00   7.5485809e+00   0.0000000e+00
   6.4351030e+00   7.5739460e+00   0.0000000e+00
   6.4425836e+00   7.5993842e+00   0.0000000e+00
   6.4500684e+00   7.6248958e+00   0.0000000e+00
   6.4575575e+00   7.6504811e+00   0.0000000e+00
   6.4650508e+00   7.6761404e+00   0.0000000e+00
   6.4725483e+00   7.7018740e+00   0.0000000e+00
   6.4800501e+00   7.7276822e+00   0.0000000e+00
   6.4875561e+00   7.7535653e+00   0.0000000e+00
   6.4950663e+00   7.7795236e+00   0.0000000e+00
   6.5025808e+00   7.8055574e+00   0.0000000e+00
   6.5100994e+00   7.8316669e+00   0.0000000e+00
   6.5176222e+00   7.8578526e+00   0.0000000e+00
   6.5251492e+00   7.8841147e+00   0.0000000e+00
   6.5326804e+00   7.9104535e+00   0.0000000e+00
   6.5402157e+00   7.9368693e+00   0.0000000e+00
   6.5477552e+00   7.9633625e+00   0.0000000e+00
   6.5552988e+00   7.9899333e+00   0.0000000e+00
   6.5628466e+00   8.0165821e+00   0.0000000e+00
   6.5703985e+00   8.0433091e+00   0.0000000e+00
   6.5779545e+00   8.0701148e+00   0.0000000e+00
   6.5855147e+00   8.0969994e+00   0.0000000e+00
   6.5930789e+00   8.1239632e+00   0.0000000e+00
   6.6006472e+00   8.1510066e+00   0.0000000e+00
   6.6082196e+00   8.1781299e+00   0.0000000e+00
   6.6157960e+00   8.2053334e+00   0.0000000e+00
   6.6233765e+00   8.2326175e+00   0.0000000e+00
   6.6309611e+00   8.2599824e+00   0.0000000e+00
   6.6385497e+00   8.2874285e+00   0.0000000e+00
   6.6461423e+00   8.3149562e+00   0.0000000e+00
   6.6537389e+00   8.3425657e+00   0.0000000e+00
   6.6613396e+00   8.3702575e+00   0.0000000e+00
   6.6689442e+00   8.3980318e+00   0.0000000e+00
   6.6765528e+00   8.4258890e+00   0.0000000e+00
   6.6841653e+00   8.4538294e+00   0.0000000e+00
   6.6917818e+00   8.4818534e+00   0.0000000e+00
   6.6994023e+00   8.5099613e+00   0.0000000e+00
   6.7070267e+00   8.5381535e+00   0.0000000e+00
   6.7146550e+00   8.5664303e+00   0.0000000e+00
   6.7222872e+00   8.5947921e+00   0.0000000e+00
   6.7299233e+00   8.6232392e+00   0.0000000e+00
   6.7375633e+00   8.6517720e+00   0.0000000e+00
   6.7452071e+00   8.6803908e+00   0.0000000e+00
   6.7528548e+00   8.7090960e+00   0.0000000e+00
   6.7605063e+00   8.7378879e+00   0.0000000e+00
   6.7681617e+00   8.7667670e+00   0.0000000e+00
   6.7758209e+00   8.7957335e+00   0.0000000e+00
   6.7834838e+00   8.8247879e+00   0.0000000e+00
   6.7911506e+00   8.8539305e+00   0.0000000e+00
   6.7988211e+00   8.8831617e+00   0.0000000e+00
   6.8064954e+00   8.9124818e+00   0.0000000e+00
   6.8141734e+00   8.9418913e+00   0.0000000e+00
   6.8218552e+00   8.9713904e+00   0.0000000e+00
   6.8295406e+00   9.0009797e+00   0.0000000e+00
   6.8372297e+00   9.0306594e+00   0.0000000e+00
   6.8449226e+00   9.0604299e+00   0.0000000e+00
   6.8526190e+00   9.0902917e+00   0.0000000e+00
   6.8603192e+00   9.1202451e+00   0.0000000e+00
   6.8680229e+00   9.1502905e+00   0.0000000e+00
   6.8757303e+00   9.1804283e+00   0.0000000e+00
   6.8834413e+00   9.2106589e+00   0.0000000e+00
   6.8911558e+00   9.2409826e+00   0.0000000e+00
   6.8988740e+00   9.2714000e+00   0.0000000e+00
   6.9065956e+00   9.3019113e+00   0.0000000e+00
   6.9143208e+00   9.3325170e+00   0.0000000e+00
   6.9220495e+00   9.3632175e+00   0.0000000e+00
   6.9297817e+00   9.3940131e+00   0.0000000e+00
   6.9375174e+00   9.4249044e+00   0.0000000e+00
   6.9452565e+00   9.4558916e+00   0.0000000e+00
   6.9529991e+00   9.4869753e+00   0.0000000e+00
   6.9607451e+00   9.5181558e+00   0.0000000e+00
   6.9684945e+00   9.5494335e+00   0.0000000e+00
   6.9762472e+00   9.5808090e+00   0.0000000e+00
   6.9840034e+00   9.6122824e+00   0.0000000e+00
   6.9917629e+00   9.6438544e+00   0.0000000e+00
   6.9995257e+00   9.6755254e+00   0.0000000e+00
   7.0072918e+00   9.7072957e+00   0.0000000e+00
   7.0150612e+00   9.7391658e+00   0.0000000e+00
   7.0228338e+00   9.7711361e+00   0.0000000e+00
   7.0306097e+00   9.8032071e+00   0.0000000e+00
   7.0383888e+00   9.8353791e+00   0.0000000e+00
   7.0461711e+00   9.8676528e+00   0.0000000e+00
   7.0539566e+00   9.9000284e+00   0.0000000e+00
   7.0617453e+00   9.9325064e+00   0.0000000e+00
   7.0695371e+00   9.9650873e+00   0.0000000e+00
   7.0773319e+00   9.9977715e+00   0.0000000e+00
   7.0851299e+00   1.0030559e+01   0.0000000e+00
   7.0929310e+00   1.0063452e+01   0.0000000e+00
   7.1007351e+00   1.0096449e+01   0.0000000e+00
   7.1085422e+00   1.0129551e+01   0.0000000e+00
   7.1163523e+00   1.0162758e+01   0.0000000e+00
   7.1241654e+00   1.0196072e+01   0.0000000e+00
   7.1319814e+00   1.0229492e+01   0.0000000e+00
   7.1398004e+00   1.0263020e+01   0.0000000e+00
   7.1476222e+00   1.0296654e+01   0.0000000e+00
   7.1554469e+00   1.0330397e+01   0.0000000e+00
   7.1632745e+00   1.0364248e+01   0.0000000e+00
   7.1711049e+00   1.0398208e+01   0.0000000e+00
   7.1789381e+00   1.0432278e+01   0.0000000e+00
   7.1867741e+00   1.0466457e+01   0.0000000e+00
   7.1946128e+00   1.0500747e+01   0.0000000e+00
   7.2024542e+00   1.0535147e+01   0.0000000e+00
   7.2102984e+00   1.0569659e+01   0.0000000e+00
   7.2181451e+00   1.0604283e+01   0.0000000e+00
   7.2259946e+00   1.0639019e+01   0.0000000e+00
   7.2338466e+00   1.0673868e+01   0.0000000e+00
   7.2417012e+00   1.0708831e+01   0.0000000e+00
   7.2495584e+00   1.0743907e+01   0.0000000e+00
   7.2574181e+00   1.0779098e+01   0.0000000e+00
   7.2652803e+00   1.0814403e+01   0.0000000e+00
   7.2731449e+00   1.0849824e+01   0.0000000e+00
   7.2810120e+00   1.0885361e+01   0.0000000e+00
   7.2888815e+00   1.0921015e+01   0.0000000e+00
   7.2967533e+00   1.0956785e+01   0.0000000e+00
   7.3046275e+00   1.0992673e+01   0.0000000e+00
   7.3125040e+00   1.1028679e+01   0.0000000e+00
   7.3203828e+00   1.1064803e+01   0.0000000e+00
   7.3282639e+00   1.1101047e+01   0.0000000e+00
   7.3361471e+00   1.1137410e+01   0.0000000e+00
   7.3440326e+00   1.1173894e+01   0.0000000e+00
   7.3519202e+00   1.1210498e+01   0.0000000e+00
   7.3598099e+00   1.1247224e+01   0.0000000e+00
   7.3677017e+00   1.1284071e+01   0.0000000e+00
   7.3755955e+00   1.1321041e+01   0.0000000e+00
   7.3834914e+00   1.1358134e+01   0.0000000e+00
   7.3913893e+00   1.1395351e+01   0.0000000e+00
   7.3992890e+00   1.1432691e+01   0.0000000e+00
   7.4071908e+00   1.1470156e+01   0.0000000e+00
   7.4150943e+00   1.1507747e+01   0.0000000e+00
   7.4229998e+00   1.1545463e+01   0.0000000e+00
   7.4309070e+00   1.1583306e+01   0.0000000e+00
   7.4388160e+00   1.1621275e+01   0.0000000e+00
   7.4467267e+00   1.1659373e+01   0.0000000e+00
   7.4546391e+00   1.1697598e+01   0.0000000e+00
   7.4625532e+00   1.1735952e+01   0.0000000e+00
   7.4704688e+00   1.1774436e+01   0.0000000e+00
   7.4783861e+00   1.1813049e+01   0.0000000e+00
   7.4863049e+00   1.1851794e+01   0.0000000e+00
   7.4942252e+00   1.1890669e+01   0.0000000e+00
   7.5021469e+00   1.1929676e+01   0.0000000e+00
   7.5100701e+00   1.1968815e+01   0.0000000e+00
   7.5179946e+00   1.2008088e+01   0.0000000e+00
   7.5259205e+00   1.2047494e+01   0.0000000e+00
   7.5338476e+00   1.2087035e+01   0.0000000e+00
   7.5417760e+00   1.2126710e+01   0.0000000e+00
   7.5497056e+00   1.2166521e+01   0.0000000e+00
   7.5576364e+00   1.2206468e+01   0.0000000e+00
   7.5655683e+00   1.2246552e+01   0.0000000e+00
   7.5735013e+00   1.2286773e+01   0.0000000e+00
   7.5814353e+00   1.2327133e+01   0.0000000e+00
   7.5893703e+00   1.2367631e+01   0.0000000e+00
   7.5973062e+00   1.2408269e+01   0.0000000e+00
   7.6052430e+00   1.2449046e+01   0.0000000e+00
   7.6131807e+00   1.2489965e+01   0.0000000e+00
   7.6211192e+00   1.2531025e+01   0.0000000e+00
   7.6290584e+00   1.2572227e+01   0.0000000e+00
   7.6369983e+00   1.2613571e+01   0.0000000e+00
   7.6449389e+00   1.2655060e+01   0.0000000e+00
   7.6528801e+00   1.2696692e+01   0.0000000e+00
   7.6608219e+00   1.2738469e+01   0.0000000e+00
   7.6687642e+00   1.2780392e+01   0.0000000e+00
   7.6767069e+00   1.2822461e+01   0.0000000e+00
   7.6846501e+00   1.2864676e+01   0.0000000e+00
   7.6925936e+00   1.2907040e+01   0.0000000e+00
   7.7005374e+00   1.2949551e+01   0.0000000e+00
   7.7084814e+00   1.2992212e+01   0.0000000e+00
   7.7164257e+00   1.3035023e+01   0.0000000e+00
   7.7243701e+00   1.3077984e+01   0.0000000e+00
   7.7323146e+00   1.3121096e+01   0.0000000e+00
   7.7402591e+00   1.3164360e+01   0.0000000e+00
   7.7482036e+00   1.3207777e+01   0.0000000e+00
   7.7561481e+00   1.3251347e+01   0.0000000e+00
   7.7640924e+00   1.3295072e+01   0.0000000e+00
   7.7720365e+00   1.3338951e+01   0.0000000e+00
   7.7799804e+00   1.3382986e+01   0.0000000e+00
   7.7879240e+00   1.3427178e+01   0.0000000e+00
   7.7958672e+00   1.3471526e+01   0.0000000e+00
   7.8038101e+00   1.3516033e+01   0.0000000e+00
   7.8117524e+00   1.3560699e+01   0.0000000e+00
   7.8196942e+00   1.3605523e+01   0.0000000e+00
   7.8276354e+00   1.3650509e+01   0.0000000e+00
   7.8355759e+00   1.3695655e+01   0.0000000e+00
   7.8435157e+00   1.3740963e+01   0.0000000e+00
   7.8514547e+00   1.3786434e+01   0.0000000e+00
   7.8593929e+00   1.3832069e+01   0.0000000e+00
   7.8673301e+00   1.3877867e+01   0.0000000e+00
   7.8752664e+00   1.3923831e+01   0.0000000e+00
   7.8832016e+00   1.3969961e+01   0.0000000e+00
   7.8911358e+00   1.4016257e+01   0.0000000e+00
   7.8990687e+00   1.4062721e+01   0.0000000e+00
   7.9070004e+00   1.4109354e+01   0.0000000e+00
   7.9149308e+00   1.4156155e+01   0.0000000e+00
   7.9228598e+00   1.4203127e+01   0.0000000e+00
   7.9307873e+00   1.4250270e+01   0.0000000e+00
   7.9387134e+00   1.4297585e+01   0.0000000e+00
   7.9466378e+00   1.4345072e+01   0.0000000e+00
   7.9545606e+00   1.4392733e+01   0.0000000e+00
   7.9624816e+00   1.4440568e+01   0.0000000e+00
   7.9704008e+00   1.4488578e+01   0.0000000e+00
   7.9783182e+00   1.4536765e+01   0.0000000e+00
   7.9862336e+00   1.4585128e+01   0.0000000e+00
   7.9941469e+00   1.4633670e+01   0.0000000e+00
   8.0020582e+00   1.4682390e+01   0.0000000e+00
   8.0099672e+00   1.4731291e+01   0.0000000e+00
   8.0178740e+00   1.4780371e+01   0.0000000e+00
   8.0257785e+00   1.4829634e+01   0.0000000e+00
   8.0336805e+00   1.4879079e+01   0.0000000e+00
   8.0415801e+00   1.4928707e+01   0.0000000e+00
   8.0494770e+00   1.4978520e+01   0.0000000e+00
   8.0573713e+00   1.5028518e+01   0.0000000e+00
   8.0652629e+00   1.5078702e+01   0.0000000e+00
   8.0731516e+00   1.5129074e+01   0.0000000e+00
   8.0810374e+00   1.5179633e+01   0.0000000e+00
   8.0889202e+00   1.5230382e+01   0.0000000e+00
   8.0967999e+00   1.5281321e+01   0.0000000e+00
   8.1046765e+00   1.5332451e+01   0.0000000e+00
   8.1125498e+00   1.5383773e+01   0.0000000e+00
   8.1204198e+00   1.5435288e+01   0.0000000e+00
   8.1282863e+00   1.5486997e+01   0.0000000e+00
   8.1361493e+00   1.5538901e+01   0.0000000e+00
   8.1440087e+00   1.5591001e+01   0.0000000e+00
   8.1518644e+00   1.5643298e+01   0.0000000e+00
   8.1597163e+00   1.5695794e+01   0.0000000e+00
   8.1675644e+00   1.5748488e+01   0.0000000e+00
   8.1754084e+00   1.5801383e+01   0.0000000e+00
   8.1832483e+00   1.5854479e+01   0.0000000e+00
   8.1910841e+00   1.5907777e+01   0.0000000e+00
   8.1989156e+00   1.5961279e+01   0.0000000e+00
   8.2067427e+00   1.6014984e+01   0.0000000e+00
   8.2145654e+00   1.6068896e+01   0.0000000e+00
   8.2223834e+00   1.6123014e+01   0.0000000e+00
   8.2301968e+00   1.6177339e+01   0.0000000e+00
   8.2380055e+00   1.6231873e+01   0.0000000e+00
   8.2458092e+00   1.6286617e+01   0.0000000e+00
   8.2536080e+00   1.6341572e+01   0.0000000e+00
   8.2614017e+00   1.6396739e+01   0.0000000e+00
   8.2691902e+00   1.6452120e+01   0.0000000e+00
   8.2769734e+00   1.6507714e+01   0.0000000e+00
   8.2847511e+00   1.6563524e+01   0.0000000e+00
   8.2925234e+00   1.6619551e+01   0.0000000e+00
   8.3002900e+00   1.6675795e+01   0.0000000e+00
   8.3080509e+00   1.6732258e+01   0.0000000e+00
   8.3158059e+00   1.6788941e+01   0.0000000e+00
   8.3235550e+00   1.6845845e+01   0.0000000e+00
   8.3312980e+00   1.6902972e+01   0.0000000e+00
   8.3390348e+00   1.6960323e+01   0.0000000e+00
   8.3467652e+00   1.7017898e+01   0.0000000e+00
   8.3544893e+00   1.7075699e+01   0.0000000e+00
   8.3622067e+00   1.7133728e+01   0.0000000e+00
   8.3699175e+00   1.7191985e+01   0.0000000e+00
   8.3776216e+00   1.7250472e+01   0.0000000e+00
   8.3853186e+00   1.7309189e+01   0.0000000e+00
   8.3930087e+00   1.7368139e+01   0.0000000e+00
   8.4006915e+00   1.7427322e+01   0.0000000e+00
   8.4083671e+00   1.7486740e+01   0.0000000e+00
   8.4160353e+00   1.7546394e+01   0.0000000e+00
   8.4236959e+00   1.7606286e+01   0.0000000e+00
   8.4313488e+00   1.7666416e+01   0.0000000e+00
   8.4389938e+00   1.7726785e+01   0.0000000e+00
   8.4466310e+00   1.7787396e+01   0.0000000e+00
   8.4542600e+00   1.7848250e+01   0.0000000e+00
   8.4618808e+00   1.7909347e+01   0.0000000e+00
   8.4694933e+00   1.7970690e+01   0.0000000e+00
   8.4770973e+00   1.8032279e+01   0.0000000e+00
   8.4846926e+00   1.8094116e+01   0.0000000e+00
   8.4922792e+00   1.8156202e+01   0.0000000e+00
   8.4998568e+00   1.8218539e+01   0.0000000e+00
   8.5074254e+00   1.8281127e+01   0.0000000e+00
   8.5149847e+00   1.8343970e+01   0.0000000e+00
   8.5225347e+00   1.8407067e+01   0.0000000e+00
   8.5300752e+00   1.8470420e+01   0.0000000e+00
   8.5376060e+00   1.8534031e+01   0.0000000e+00
   8.5451270e+00   1.8597901e+01   0.0000000e+00
   8.5526381e+00   1.8662032e+01   0.0000000e+00
   8.5601390e+00   1.8726425e+01   0.0000000e+00
   8.5676296e+00   1.8791081e+01   0.0000000e+00
   8.5751099e+00   1.8856002e+01   0.0000000e+00
   8.5825795e+00   1.8921189e+01   0.0000000e+00
   8.5900384e+00   1.8986645e+01   0.0000000e+00
   8.5974864e+00   1.9052370e+01   0.0000000e+00
   8.6049233e+00   1.9118365e+01   0.0000000e+00
   8.6123489e+00   1.9184634e+01   0.0000000e+00
   8.6197631e+00   1.9251176e+01   0.0000000e+00
   8.6271658e+00   1.9317994e+01   0.0000000e+00
   8.6345567e+00   1.9385089e+01   0.0000000e+00
   8.6419357e+00   1.9452463e+01   0.0000000e+00
   8.6493026e+00   1.9520117e+01   0.0000000e+00
   8.6566572e+00   1.9588053e+01   0.0000000e+00
   8.6639993e+00   1.9656273e+01   0.0000000e+00
   8.6713288e+00   1.9724778e+01   0.0000000e+00
   8.6786456e+00   1.9793569e+01   0.0000000e+00
   8.6859493e+00   1.9862649e+01   0.0000000e+00
   8.6932398e+00   1.9932019e+01   0.0000000e+00
   8.7005170e+00   2.0001681e+01   0.0000000e+00
   8.7077806e+00   2.0071636e+01   0.0000000e+00
   8.7150305e+00   2.0141886e+01   0.0000000e+00
   8.7222664e+00   2.0212433e+01   0.0000000e+00
   8.7294882e+00   2.0283279e+01   0.0000000e+00
   8.7366957e+00   2.0354425e+01   0.0000000e+00
   8.7438887e+00   2.0425873e+01   0.0000000e+00
   8.7510669e+00   2.0497624e+01   0.0000000e+00
   8.7582302e+00   2.0569681e+01   0.0000000e+00
   8.7653783e+00   2.0642046e+01   0.0000000e+00
   8.7725112e+00   2.0714719e+01   0.0000000e+00
   8.7796284e+00   2.0787704e+01   0.0000000e+00
   8.7867299e+00   2.0861001e+01   0.0000000e+00
   8.7938155e+00   2.0934613e+01   0.0000000e+00
   8.8008849e+00   2.1008541e+01   0.0000000e+00
   8.8079378e+00   2.1082787e+01   0.0000000e+00
   8.8149741e+00   2.1157354e+01   0.0000000e+00
   8.8219936e+00   2.1232242e+01   0.0000000e+00
   8.8289961e+00   2.1307455e+01   0.0000000e+00
   8.8359812e+00   2.1382993e+01   0.0000000e+00
   8.8429488e+00   2.1458860e+01   0.0000000e+00
   8.8498987e+00   2.1535055e+01   0.0000000e+00
   8.8568306e+00   2.1611583e+01   0.0000000e+00
   8.8637442e+00   2.1688444e+01   0.0000000e+00
   8.8706395e+00   2.1765641e+01   0.0000000e+00
   8.8775160e+00   2.1843176e+01   0.0000000e+00
   8.8843736e+00   2.1921050e+01   0.0000000e+00
   8.8912120e+00   2.1999266e+01   0.0000000e+00
   8.8980309e+00   2.2077826e+01   0.0000000e+00
   8.9048302e+00   2.2156732e+01   0.0000000e+00
   8.9116096e+00   2.2235985e+01   0.0000000e+00
   8.9183688e+00   2.2315589e+01   0.0000000e+00
   8.9251075e+00   2.2395544e+01   0.0000000e+00
   8.9318255e+00   2.2475854e+01   0.0000000e+00
   8.9385226e+00   2.2556521e+01   0.0000000e+00
   8.9451984e+00   2.2637546e+01   0.0000000e+00
   8.9518528e+00   2.2718931e+01   0.0000000e+00
   8.9584854e+00   2.2800680e+01   0.0000000e+00
   8.9650959e+00   2.2882794e+01   0.0000000e+00
   8.9716841e+00   2.2965275e+01   0.0000000e+00
   8.9782497e+00   2.3048126e+01   0.0000000e+00
   8.9847925e+00   2.3131348e+01   0.0000000e+00
   8.9913120e+00   2.3214945e+01   0.0000000e+00
   8.9978082e+00   2.3298919e+01   0.0000000e+00
   9.0042805e+00   2.3383271e+01   0.0000000e+00
   9.0107289e+00   2.3468004e+01   0.0000000e+00
   9.0171529e+00   2.3553121e+01   0.0000000e+00
   9.0235523e+00   2.3638624e+01   0.0000000e+00
   9.0299267e+00   2.3724515e+01   0.0000000e+00
   9.0362759e+00   2.3810796e+01   0.0000000e+00
   9.0425996e+00   2.3897471e+01   0.0000000e+00
   9.0488974e+00   2.3984541e+01   0.0000000e+00
   9.0551690e+00   2.4072009e+01   0.0000000e+00
   9.0614142e+00   2.4159878e+01   0.0000000e+00
   9.0676325e+00   2.4248150e+01   0.0000000e+00
   9.0738236e+00   2.4336827e+01   0.0000000e+00
   9.0799873e+00   2.4425912e+01   0.0000000e+00
   9.0861232e+00   2.4515408e+01   0.0000000e+00
   9.0922310e+00   2.4605318e+01   0.0000000e+00
   9.0983103e+00   2.4695643e+01   0.0000000e+00
   9.1043607e+00   2.4786386e+01   0.0000000e+00
   9.1103820e+00   2.4877551e+01   0.0000000e+00
   9.1163738e+00   2.4969139e+01   0.0000000e+00
   9.1223357e+00   2.5061154e+01   0.0000000e+00
   9.1282674e+00   2.5153598e+01   0.0000000e+00
   9.1341686e+00   2.5246474e+01   0.0000000e+00
   9.1400387e+00   2.5339784e+01   0.0000000e+00
   9.1458776e+00   2.5433532e+01   0.0000000e+00
   9.1516847e+00   2.5527721e+01   0.0000000e+00
   9.1574598e+00   2.5622352e+01   0.0000000e+00
   9.1632025e+00   2.5717429e+01   0.0000000e+00
   9.1689123e+00   2.5812955e+01   0.0000000e+00
   9.1745889e+00   2.5908933e+01   0.0000000e+00
   9.1802319e+00   2.6005365e+01   0.0000000e+00
   9.1858409e+00   2.6102255e+01   0.0000000e+00
   9.1914155e+00   2.6199606e+01   0.0000000e+00
   9.1969553e+00   2.6297419e+01   0.0000000e+00
   9.2024599e+00   2.6395700e+01   0.0000000e+00
   9.2079288e+00   2.6494450e+01   0.0000000e+00
   9.2133617e+00   2.6593672e+01   0.0000000e+00
   9.2187582e+00   2.6693370e+01   0.0000000e+00
   9.2241177e+00   2.6793547e+01   0.0000000e+00
   9.2294400e+00   2.6894206e+01   0.0000000e+00
   9.2347244e+00   2.6995350e+01   0.0000000e+00
   9.2399707e+00   2.7096982e+01   0.0000000e+00
   9.2451784e+00   2.7199106e+01   0.0000000e+00
   9.2503469e+00   2.7301725e+01   0.0000000e+00
   9.2554759e+00   2.7404841e+01   0.0000000e+00
   9.2605650e+00   2.7508459e+01   0.0000000e+00
   9.2656135e+00   2.7612582e+01   0.0000000e+00
   9.2706212e+00   2.7717213e+01   0.0000000e+00
   9.2755874e+00   2.7822355e+01   0.0000000e+00
   9.2805117e+00   2.7928011e+01   0.0000000e+00
   9.2853937e+00   2.8034186e+01   0.0000000e+00
   9.2902328e+00   2.8140883e+01   0.0000000e+00
   9.2950286e+00   2.8248105e+01   0.0000000e+00
   9.2997805e+00   2.8355856e+01   0.0000000e+00
   9.3044881e+00   2.8464139e+01   0.0000000e+00
   9.3091509e+00   2.8572957e+01   0.0000000e+00
   9.3137682e+00   2.8682316e+01   0.0000000e+00
   9.3183397e+00   2.8792217e+01   0.0000000e+00
   9.3228647e+00   2.8902665e+01   0.0000000e+00
   9.3273428e+00   2.9013664e+01   0.0000000e+00
   9.3317734e+00   2.9125217e+01   0.0000000e+00
   9.3361560e+00   2.9237329e+01   0.0000000e+00
   9.3404900e+00   2.9350002e+01   0.0000000e+00
   9.3447749e+00   2.9463240e+01   0.0000000e+00
   9.3490101e+00   2.9577048e+01   0.0000000e+00
   9.3531950e+00   2.9691430e+01   0.0000000e+00
   9.3573291e+00   2.9806389e+01   0.0000000e+00
   9.3614117e+00   2.9921930e+01   0.0000000e+00
   9.3654424e+00   3.0038056e+01   0.0000000e+00
   9.3694204e+00   3.0154771e+01   0.0000000e+00
   9.3733453e+00   3.0272080e+01   0.0000000e+00
   9.3772164e+00   3.0389987e+01   0.0000000e+00
   9.3810331e+00   3.0508495e+01   0.0000000e+00
   9.3847947e+00   3.0627610e+01   0.0000000e+00
   9.3885007e+00   3.0747334e+01   0.0000000e+00
   9.3921505e+00   3.0867673e+01   0.0000000e+00
   9.3957433e+00   3.0988631e+01   0.0000000e+00
   9.3992785e+00   3.1110212e+01   0.0000000e+00
   9.4027556e+00   3.1232420e+01   0.0000000e+00
   9.4061737e+00   3.1355260e+01   0.0000000e+00
   9.4095323e+00   3.1478737e+01   0.0000000e+00
   9.4128307e+00   3.1602855e+01   0.0000000e+00
   9.4160682e+00   3.1727617e+01   0.0000000e+00
   9.4192441e+00   3.1853030e+01   0.0000000e+00
   9.4223577e+00   3.1979097e+01   0.0000000e+00
   9.4254084e+00   3.2105824e+01   0.0000000e+00
   9.4283953e+00   3.2233214e+01   0.0000000e+00
   9.4313178e+00   3.2361273e+01   0.0000000e+00
   9.4341752e+00   3.2490006e+01   0.0000000e+00
   9.4369667e+00   3.2619417e+01   0.0000000e+00
   9.4396915e+00   3.2749511e+01   0.0000000e+00
   9.4423490e+00   3.2880292e+01   0.0000000e+00
   9.4449383e+00   3.3011767e+01   0.0000000e+00
   9.4474587e+00   3.3143940e+01   0.0000000e+00
   9.4499094e+00   3.3276816e+01   0.0000000e+00
   9.4522897e+00   3.3410400e+01   0.0000000e+00
   9.4545986e+00   3.3544698e+01   0.0000000e+00
   9.4568355e+00   3.3679714e+01   0.0000000e+00
   9.4589995e+00   3.3815453e+01   0.0000000e+00
   9.4610898e+00   3.3951922e+01   0.0000000e+00
   9.4631056e+00   3.4089124e+01   0.0000000e+00
   9.4650460e+00   3.4227067e+01   0.0000000e+00
   9.4669101e+00   3.4365755e+01   0.0000000e+00
   9.4686971e+00   3.4505193e+01   0.0000000e+00
   9.4704062e+00   3.4645387e+01   0.0000000e+00
   9.4720364e+00   3.4786344e+01   0.0000000e+00
   9.4735869e+00   3.4928067e+01   0.0000000e+00
   9.4750568e+00   3.5070564e+01   0.0000000e+00
   9.4764451e+00   3.5213839e+01   0.0000000e+00
   9.4777509e+00   3.5357899e+01   0.0000000e+00
   9.4789734e+00   3.5502749e+01   0.0000000e+00
   9.4801115e+00   3.5648396e+01   0.0000000e+00
   9.4811643e+00   3.5794845e+01   0.0000000e+00
   9.4821309e+00   3.5942103e+01   0.0000000e+00
   9.4830103e+00   3.6090174e+01   0.0000000e+00
   9.4838014e+00   3.6239067e+01   0.0000000e+00
   9.4845033e+00   3.6388786e+01   0.0000000e+00
   9.4851151e+00   3.6539338e+01   0.0000000e+00
   9.4856355e+00   3.6690729e+01   0.0000000e+00
   9.4860638e+00   3.6842966e+01   0.0000000e+00
   9.4863987e+00   3.6996055e+01   0.0000000e+00
   9.4866392e+00   3.7150002e+01   0.0000000e+00
   9.4867844e+00   3.7304815e+01   0.0000000e+00
   9.4868330e+00   3.7460499e+01   0.0000000e+00
