   0.0000000e+00   1.0810604e+00   0.0000000e+00
   9.0351127e-02   1.0810521e+00   0.0000000e+00
   1.8070225e-01   1.0810273e+00   0.0000000e+00
   2.7105337e-01   1.0809859e+00   0.0000000e+00
   3.6140448e-01   1.0809280e+00   0.0000000e+00
   4.5175558e-01   1.0808536e+00   0.0000000e+00
   5.4210666e-01   1.0807626e+00   0.0000000e+00
   6.3245772e-01   1.0806551e+00   0.0000000e+00
   7.2280876e-01   1.0805310e+00   0.0000000e+00
   8.1315978e-01   1.0803904e+00   0.0000000e+00
   9.0351077e-01   1.0802333e+00   0.0000000e+00
   9.9386173e-01   1.0800596e+00   0.0000000e+00
   1.0842127e+00   1.0798694e+00   0.0000000e+00
   1.1745636e+00   1.0796626e+00   0.0000000e+00
   1.2649144e+00   1.0794393e+00   0.0000000e+00
   1.3552652e+00   1.0791994e+00   0.0000000e+00
   1.4456160e+00   1.0789430e+00   0.0000000e+00
   1.5359667e+00   1.0786701e+00   0.0000000e+00
   1.6263174e+00   1.0783806e+00   0.0000000e+00
   1.7166680e+00   1.0780746e+00   0.0000000e+00
   1.8070185e+00   1.0777520e+00   0.0000000e+00
   1.8973690e+00   1.0774129e+00   0.0000000e+00
   1.9877194e+00   1.0770573e+00   0.0000000e+00
   2.0780698e+00   1.0766851e+00   0.0000000e+00
   2.1684201e+00   1.0762964e+00   0.0000000e+00
   2.2587703e+00   1.0758911e+00   0.0000000e+00
   2.3491205e+00   1.0754693e+00   0.0000000e+00
   2.4394705e+00   1.0750309e+00   0.0000000e+00
   2.5298205e+00   1.0745760e+00   0.0000000e+00
   2.6201704e+00   1.0741046e+00   0.0000000e+00
   2.7105202e+00   1.0736166e+00   0.0000000e+00
   2.8008699e+00   1.0731121e+00   0.0000000e+00
   2.8912196e+00   1.0725910e+00   0.0000000e+00
   2.9815691e+00   1.0720534e+00   0.0000000e+00
   3.0719185e+00   1.0714993e+00   0.0000000e+00
   3.1622678e+00   1.0709286e+00   0.0000000e+00
   3.2526171e+00   1.0703414e+00   0.0000000e+00
   3.3429662e+00   1.0697376e+00   0.0000000e+00
   3.4333152e+00   1.0691173e+00   0.0000000e+00
   3.5236640e+00   1.0684805e+00   0.0000000e+00
   3.6140128e+00   1.0678271e+00   0.0000000e+00
   3.7043615e+00   1.0671571e+00   0.0000000e+00
   3.7947100e+00   1.0664707e+00   0.0000000e+00
   3.8850584e+00   1.0657676e+00   0.0000000e+00
   3.9754066e+00   1.0650481e+00   0.0000000e+00
   4.0657548e+00   1.0643120e+00   0.0000000e+00
   4.1561028e+00   1.0635593e+00   0.0000000e+00
   4.2464506e+00   1.0627902e+00   0.0000000e+00
   4.3367983e+00   1.0620044e+00   0.0000000e+00
   4.4271459e+00   1.0612022e+00   0.0000000e+00
   4.5174933e+00   1.0603834e+00   0.0000000e+00
   4.6078406e+00   1.0595480e+00   0.0000000e+00
   4.6981877e+00   1.0586962e+00   0.0000000e+00
   4.7885346e+00   1.0578277e+00   0.0000000e+00
   4.8788814e+00   1.0569428e+00   0.0000000e+00
   4.9692281e+00   1.0560413e+00   0.0000000e+00
   5.0595745e+00   1.0551232e+00   0.0000000e+00
   5.1499208e+00   1.0541886e+00   0.0000000e+00
   5.2402669e+00   1.0532375e+00   0.0000000e+00
   5.3306129e+00   1.0522698e+00   0.0000000e+00
   5.4209586e+00   1.0512856e+00   0.0000000e+00
   5.5113042e+00   1.0502849e+00   0.0000000e+00
   5.6016496e+00   1.0492676e+00   0.0000000e+00
   5.6919948e+00   1.0482337e+00   0.0000000e+00
   5.7823399e+00   1.0471834e+00   0.0000000e+00
   5.8726847e+00   1.0461164e+00   0.0000000e+00
   5.9630293e+00   1.0450330e+00   0.0000000e+00
   6.0533738e+00   1.0439330e+00   0.0000000e+00
   6.1437180e+00   1.0428165e+00   0.0000000e+00
   6.2340620e+00   1.0416834e+00   0.0000000e+00
   6.3244058e+00   1.0405338e+00   0.0000000e+00
   6.4147494e+00   1.0393676e+00   0.0000000e+00
   6.5050928e+00   1.0381849e+00   0.0000000e+00
   6.5954360e+00   1.0369857e+00   0.0000000e+00
   6.6857789e+00   1.0357699e+00   0.0000000e+00
   6.7761217e+00   1.0345376e+00   0.0000000e+00
   6.8664641e+00   1.0332887e+00   0.0000000e+00
   6.9568064e+00   1.0320233e+00   0.0000000e+00
   7.0471484e+00   1.0307414e+00   0.0000000e+00
   7.1374902e+00   1.0294429e+00   0.0000000e+00
   7.2278318e+00   1.0281279e+00   0.0000000e+00
   7.3181731e+00   1.0267963e+00   0.0000000e+00
   7.4085142e+00   1.0254482e+00   0.0000000e+00
   7.4988550e+00   1.0240836e+00   0.0000000e+00
   7.5891956e+00   1.0227024e+00   0.0000000e+00
   7.6795359e+00   1.0213047e+00   0.0000000e+00
   7.7698760e+00   1.0198904e+00   0.0000000e+00
   7.8602158e+00   1.0184596e+00   0.0000000e+00
   7.9505553e+00   1.0170123e+00   0.0000000e+00
   8.0408946e+00   1.0155484e+00   0.0000000e+00
   8.1312336e+00   1.0140680e+00   0.0000000e+00
   8.2215723e+00   1.0125711e+00   0.0000000e+00
   8.3119107e+00   1.0110576e+00   0.0000000e+00
   8.4022489e+00   1.0095275e+00   0.0000000e+00
   8.4925868e+00   1.0079810e+00   0.0000000e+00
   8.5829244e+00   1.0064178e+00   0.0000000e+00
   8.6732617e+00   1.0048382e+00   0.0000000e+00
   8.7635987e+00   1.0032420e+00   0.0000000e+00
   8.8539355e+00   1.0016293e+00   0.0000000e+00
   8.9442719e+00   1.0000000e+00   0.0000000e+00
   8.9442719e+00   1.1013561e+00   0.0000000e+00
   8.9816990e+00   1.1005062e+00   0.0000000e+00
   9.0191260e+00   1.0996528e+00   0.0000000e+00
   9.0565530e+00   1.0987958e+00   0.0000000e+00
   9.0939798e+00   1.0979352e+00   0.0000000e+00
   9.1314066e+00   1.0970711e+00   0.0000000e+00
   9.1688333e+00   1.0962034e+00   0.0000000e+00
   9.2062599e+00   1.0953322e+00   0.0000000e+00
   9.2436865e+00   1.0944575e+00   0.0000000e+00
   9.2811129e+00   1.0935792e+00   0.0000000e+00
   9.3185393e+00   1.0926973e+00   0.0000000e+00
   9.3559656e+00   1.0918119e+00   0.0000000e+00
   9.3933918e+00   1.0909230e+00   0.0000000e+00
   9.4308179e+00   1.0900305e+00   0.0000000e+00
   9.4682439e+00   1.0891344e+00   0.0000000e+00
   9.5056698e+00   1.0882348e+00   0.0000000e+00
   9.5430957e+00   1.0873317e+00   0.0000000e+00
   9.5805215e+00   1.0864250e+00   0.0000000e+00
   9.6179471e+00   1.0855147e+00   0.0000000e+00
   9.6553727e+00   1.0846010e+00   0.0000000e+00
   9.6927983e+00   1.0836836e+00   0.0000000e+00
   9.7302237e+00   1.0827627e+00   0.0000000e+00
   9.7676490e+00   1.0818383e+00   0.0000000e+00
   9.8050743e+00   1.0809103e+00   0.0000000e+00
   9.8424994e+00   1.0799788e+00   0.0000000e+00
   9.8799245e+00   1.0790437e+00   0.0000000e+00
   9.9173495e+00   1.0781050e+00   0.0000000e+00
   9.9547744e+00   1.0771629e+00   0.0000000e+00
   9.9921992e+00   1.0762171e+00   0.0000000e+00
   1.0029624e+01   1.0752678e+00   0.0000000e+00
   1.0067049e+01   1.0743150e+00   0.0000000e+00
   1.0104473e+01   1.0733586e+00   0.0000000e+00
   1.0141898e+01   1.0723987e+00   0.0000000e+00
   1.0179322e+01   1.0714352e+00   0.0000000e+00
   1.0216746e+01   1.0704682e+00   0.0000000e+00
   1.0254170e+01   1.0694976e+00   0.0000000e+00
   1.0291594e+01   1.0685235e+00   0.0000000e+00
   1.0329018e+01   1.0675458e+00   0.0000000e+00
   1.0366442e+01   1.0665646e+00   0.0000000e+00
   1.0403866e+01   1.0655799e+00   0.0000000e+00
   1.0441290e+01   1.0645915e+00   0.0000000e+00
   1.0478713e+01   1.0635997e+00   0.0000000e+00
   1.0516137e+01   1.0626043e+00   0.0000000e+00
   1.0553560e+01   1.0616053e+00   0.0000000e+00
   1.0590984e+01   1.0606028e+00   0.0000000e+00
   1.0628407e+01   1.0595967e+00   0.0000000e+00
   1.0665830e+01   1.0585871e+00   0.0000000e+00
   1.0703253e+01   1.0575740e+00   0.0000000e+00
   1.0740676e+01   1.0565573e+00   0.0000000e+00
   1.0778099e+01   1.0555370e+00   0.0000000e+00
   1.0815522e+01   1.0545132e+00   0.0000000e+00
   1.0852944e+01   1.0534858e+00   0.0000000e+00
   1.0890367e+01   1.0524549e+00   0.0000000e+00
   1.0927789e+01   1.0514205e+00   0.0000000e+00
   1.0965212e+01   1.0503825e+00   0.0000000e+00
   1.1002634e+01   1.0493410e+00   0.0000000e+00
   1.1040056e+01   1.0482959e+00   0.0000000e+00
   1.1077478e+01   1.0472472e+00   0.0000000e+00
   1.1114900e+01   1.0461950e+00   0.0000000e+00
   1.1152322e+01   1.0451393e+00   0.0000000e+00
   1.1189744e+01   1.0440800e+00   0.0000000e+00
   1.1227165e+01   1.0430172e+00   0.0000000e+00
   1.1264587e+01   1.0419508e+00   0.0000000e+00
   1.1302008e+01   1.0408808e+00   0.0000000e+00
   1.1339430e+01   1.0398074e+00   0.0000000e+00
   1.1376851e+01   1.0387303e+00   0.0000000e+00
   1.1414272e+01   1.0376497e+00   0.0000000e+00
   1.1451693e+01   1.0365656e+00   0.0000000e+00
   1.1489114e+01   1.0354779e+00   0.0000000e+00
   1.1526535e+01   1.0343867e+00   0.0000000e+00
   1.1563956e+01   1.0332919e+00   0.0000000e+00
   1.1601376e+01   1.0321936e+00   0.0000000e+00
   1.1638797e+01   1.0310917e+00   0.0000000e+00
   1.1676217e+01   1.0299863e+00   0.0000000e+00
   1.1713638e+01   1.0288774e+00   0.0000000e+00
   1.1751058e+01   1.0277648e+00   0.0000000e+00
   1.1788478e+01   1.0266488e+00   0.0000000e+00
   1.1825898e+01   1.0255292e+00   0.0000000e+00
   1.1863318e+01   1.0244060e+00   0.0000000e+00
   1.1900738e+01   1.0232793e+00   0.0000000e+00
   1.1938157e+01   1.0221490e+00   0.0000000e+00
   1.1975577e+01   1.0210152e+00   0.0000000e+00
   1.2012996e+01   1.0198779e+00   0.0000000e+00
   1.2050416e+01   1.0187370e+00   0.0000000e+00
   1.2087835e+01   1.0175925e+00   0.0000000e+00
   1.2125254e+01   1.0164445e+00   0.0000000e+00
   1.2162673e+01   1.0152930e+00   0.0000000e+00
   1.2200092e+01   1.0141379e+00   0.0000000e+00
   1.2237511e+01   1.0129793e+00   0.0000000e+00
   1.2274930e+01   1.0118171e+00   0.0000000e+00
   1.2312348e+01   1.0106513e+00   0.0000000e+00
   1.2349767e+01   1.0094820e+00   0.0000000e+00
   1.2387185e+01   1.0083092e+00   0.0000000e+00
   1.2424603e+01   1.0071328e+00   0.0000000e+00
   1.2462022e+01   1.0059529e+00   0.0000000e+00
   1.2499440e+01   1.0047694e+00   0.0000000e+00
   1.2536858e+01   1.0035824e+00   0.0000000e+00
   1.2574275e+01   1.0023918e+00   0.0000000e+00
   1.2611693e+01   1.0011977e+00   0.0000000e+00
   1.2649111e+01   1.0000000e+00   0.0000000e+00
   1.2649111e+01   1.1352438e+00   0.0000000e+00
   1.2677832e+01   1.1340144e+00   0.0000000e+00
   1.2706554e+01   1.1327821e+00   0.0000000e+00
   1.2735275e+01   1.1315470e+00   0.0000000e+00
   1.2763997e+01   1.1303092e+00   0.0000000e+00
   1.2792718e+01   1.1290686e+00   0.0000000e+00
   1.2821439e+01   1.1278251e+00   0.0000000e+00
   1.2850160e+01   1.1265789e+00   0.0000000e+00
   1.2878881e+01   1.1253299e+00   0.0000000e+00
   1.2907601e+01   1.1240781e+00   0.0000000e+00
   1.2936322e+01   1.1228236e+00   0.0000000e+00
   1.2965042e+01   1.1215662e+00   0.0000000e+00
   1.2993763e+01   1.1203060e+00   0.0000000e+00
   1.3022483e+01   1.1190431e+00   0.0000000e+00
   1.3051203e+01   1.1177774e+00   0.0000000e+00
   1.3079923e+01   1.1165088e+00   0.0000000e+00
   1.3108643e+01   1.1152375e+00   0.0000000e+00
   1.3137363e+01   1.1139634e+00   0.0000000e+00
   1.3166082e+01   1.1126866e+00   0.0000000e+00
   1.3194802e+01   1.1114069e+00   0.0000000e+00
   1.3223521e+01   1.1101244e+00   0.0000000e+00
   1.3252240e+01   1.1088392e+00   0.0000000e+00
   1.3280959e+01   1.1075511e+00   0.0000000e+00
   1.3309678e+01   1.1062603e+00   0.0000000e+00
   1.3338397e+01   1.1049667e+00   0.0000000e+00
   1.3367116e+01   1.1036703e+00   0.0000000e+00
   1.3395834e+01   1.1023711e+00   0.0000000e+00
   1.3424553e+01   1.1010691e+00   0.0000000e+00
   1.3453271e+01   1.0997644e+00   0.0000000e+00
   1.3481989e+01   1.0984568e+00   0.0000000e+00
   1.3510708e+01   1.0971465e+00   0.0000000e+00
   1.3539425e+01   1.0958333e+00   0.0000000e+00
   1.3568143e+01   1.0945174e+00   0.0000000e+00
   1.3596861e+01   1.0931987e+00   0.0000000e+00
   1.3625579e+01   1.0918772e+00   0.0000000e+00
   1.3654296e+01   1.0905529e+00   0.0000000e+00
   1.3683013e+01   1.0892259e+00   0.0000000e+00
   1.3711731e+01   1.0878960e+00   0.0000000e+00
   1.3740448e+01   1.0865634e+00   0.0000000e+00
   1.3769165e+01   1.0852279e+00   0.0000000e+00
   1.3797881e+01   1.0838897e+00   0.0000000e+00
   1.3826598e+01   1.0825487e+00   0.0000000e+00
   1.3855315e+01   1.0812049e+00   0.0000000e+00
   1.3884031e+01   1.0798583e+00   0.0000000e+00
   1.3912747e+01   1.0785089e+00   0.0000000e+00
   1.3941463e+01   1.0771567e+00   0.0000000e+00
   1.3970179e+01   1.0758018e+00   0.0000000e+00
   1.3998895e+01   1.0744441e+00   0.0000000e+00
   1.4027611e+01   1.0730835e+00   0.0000000e+00
   1.4056327e+01   1.0717202e+00   0.0000000e+00
   1.4085042e+01   1.0703541e+00   0.0000000e+00
   1.4113758e+01   1.0689852e+00   0.0000000e+00
   1.4142473e+01   1.0676135e+00   0.0000000e+00
   1.4171188e+01   1.0662391e+00   0.0000000e+00
   1.4199903e+01   1.0648618e+00   0.0000000e+00
   1.4228618e+01   1.0634818e+00   0.0000000e+00
   1.4257332e+01   1.0620989e+00   0.0000000e+00
   1.4286047e+01   1.0607133e+00   0.0000000e+00
   1.4314761e+01   1.0593249e+00   0.0000000e+00
   1.4343476e+01   1.0579337e+00   0.0000000e+00
   1.4372190e+01   1.0565397e+00   0.0000000e+00
   1.4400904e+01   1.0551429e+00   0.0000000e+00
   1.4429618e+01   1.0537434e+00   0.0000000e+00
   1.4458331e+01   1.0523410e+00   0.0000000e+00
   1.4487045e+01   1.0509359e+00   0.0000000e+00
   1.4515759e+01   1.0495280e+00   0.0000000e+00
   1.4544472e+01   1.0481173e+00   0.0000000e+00
   1.4573185e+01   1.0467038e+00   0.0000000e+00
   1.4601898e+01   1.0452875e+00   0.0000000e+00
   1.4630611e+01   1.0438684e+00   0.0000000e+00
   1.4659324e+01   1.0424466e+00   0.0000000e+00
   1.4688036e+01   1.0410219e+00   0.0000000e+00
   1.4716749e+01   1.0395945e+00   0.0000000e+00
   1.4745461e+01   1.0381642e+00   0.0000000e+00
   1.4774174e+01   1.0367312e+00   0.0000000e+00
   1.4802886e+01   1.0352954e+00   0.0000000e+00
   1.4831598e+01   1.0338569e+00   0.0000000e+00
   1.4860309e+01   1.0324155e+00   0.0000000e+00
   1.4889021e+01   1.0309713e+00   0.0000000e+00
   1.4917733e+01   1.0295244e+00   0.0000000e+00
   1.4946444e+01   1.0280746e+00   0.0000000e+00
   1.4975155e+01   1.0266221e+00   0.0000000e+00
   1.5003866e+01   1.0251668e+00   0.0000000e+00
   1.5032577e+01   1.0237087e+00   0.0000000e+00
   1.5061288e+01   1.0222478e+00   0.0000000e+00
   1.5089999e+01   1.0207841e+00   0.0000000e+00
   1.5118709e+01   1.0193177e+00   0.0000000e+00
   1.5147420e+01   1.0178484e+00   0.0000000e+00
   1.5176130e+01   1.0163764e+00   0.0000000e+00
   1.5204840e+01   1.0149016e+00   0.0000000e+00
   1.5233550e+01   1.0134239e+00   0.0000000e+00
   1.5262260e+01   1.0119435e+00   0.0000000e+00
   1.5290970e+01   1.0104604e+00   0.0000000e+00
   1.5319679e+01   1.0089744e+00   0.0000000e+00
   1.5348389e+01   1.0074856e+00   0.0000000e+00
   1.5377098e+01   1.0059941e+00   0.0000000e+00
   1.5405807e+01   1.0044997e+00   0.0000000e+00
   1.5434516e+01   1.0030026e+00   0.0000000e+00
   1.5463225e+01   1.0015027e+00   0.0000000e+00
   1.5491933e+01   1.0000000e+00   0.0000000e+00
   1.5491933e+01   1.2033662e+00   0.0000000e+00
   1.5516154e+01   1.2014581e+00   0.0000000e+00
   1.5540374e+01   1.1995469e+00   0.0000000e+00
   1.5564594e+01   1.1976327e+00   0.0000000e+00
   1.5588813e+01   1.1957156e+00   0.0000000e+00
   1.5613032e+01   1.1937955e+00   0.0000000e+00
   1.5637252e+01   1.1918724e+00   0.0000000e+00
   1.5661470e+01   1.1899463e+00   0.0000000e+00
   1.5685689e+01   1.1880173e+00   0.0000000e+00
   1.5709907e+01   1.1860853e+00   0.0000000e+00
   1.5734126e+01   1.1841502e+00   0.0000000e+00
   1.5758344e+01   1.1822123e+00   0.0000000e+00
   1.5782561e+01   1.1802713e+00   0.0000000e+00
   1.5806779e+01   1.1783273e+00   0.0000000e+00
   1.5830996e+01   1.1763804e+00   0.0000000e+00
   1.5855213e+01   1.1744305e+00   0.0000000e+00
   1.5879430e+01   1.1724776e+00   0.0000000e+00
   1.5903646e+01   1.1705217e+00   0.0000000e+00
   1.5927862e+01   1.1685628e+00   0.0000000e+00
   1.5952078e+01   1.1666010e+00   0.0000000e+00
   1.5976294e+01   1.1646362e+00   0.0000000e+00
   1.6000510e+01   1.1626684e+00   0.0000000e+00
   1.6024725e+01   1.1606976e+00   0.0000000e+00
   1.6048940e+01   1.1587238e+00   0.0000000e+00
   1.6073155e+01   1.1567471e+00   0.0000000e+00
   1.6097369e+01   1.1547674e+00   0.0000000e+00
   1.6121583e+01   1.1527847e+00   0.0000000e+00
   1.6145797e+01   1.1507990e+00   0.0000000e+00
   1.6170011e+01   1.1488103e+00   0.0000000e+00
   1.6194225e+01   1.1468187e+00   0.0000000e+00
   1.6218438e+01   1.1448241e+00   0.0000000e+00
   1.6242651e+01   1.1428265e+00   0.0000000e+00
   1.6266864e+01   1.1408259e+00   0.0000000e+00
   1.6291077e+01   1.1388223e+00   0.0000000e+00
   1.6315289e+01   1.1368158e+00   0.0000000e+00
   1.6339501e+01   1.1348063e+00   0.0000000e+00
   1.6363713e+01   1.1327938e+00   0.0000000e+00
   1.6387925e+01   1.1307783e+00   0.0000000e+00
   1.6412136e+01   1.1287598e+00   0.0000000e+00
   1.6436347e+01   1.1267384e+00   0.0000000e+00
   1.6460558e+01   1.1247140e+00   0.0000000e+00
   1.6484768e+01   1.1226866e+00   0.0000000e+00
   1.6508979e+01   1.1206562e+00   0.0000000e+00
   1.6533189e+01   1.1186228e+00   0.0000000e+00
   1.6557399e+01   1.1165865e+00   0.0000000e+00
   1.6581608e+01   1.1145472e+00   0.0000000e+00
   1.6605818e+01   1.1125049e+00   0.0000000e+00
   1.6630027e+01   1.1104596e+00   0.0000000e+00
   1.6654236e+01   1.1084113e+00   0.0000000e+00
   1.6678444e+01   1.1063601e+00   0.0000000e+00
   1.6702652e+01   1.1043059e+00   0.0000000e+00
   1.6726861e+01   1.1022487e+00   0.0000000e+00
   1.6751068e+01   1.1001885e+00   0.0000000e+00
   1.6775276e+01   1.0981253e+00   0.0000000e+00
   1.6799483e+01   1.0960592e+00   0.0000000e+00
   1.6823690e+01   1.0939901e+00   0.0000000e+00
   1.6847897e+01   1.0919180e+00   0.0000000e+00
   1.6872104e+01   1.0898429e+00   0.0000000e+00
   1.6896310e+01   1.0877649e+00   0.0000000e+00
   1.6920516e+01   1.0856838e+00   0.0000000e+00
   1.6944722e+01   1.0835998e+00   0.0000000e+00
   1.6968927e+01   1.0815128e+00   0.0000000e+00
   1.6993133e+01   1.0794229e+00   0.0000000e+00
   1.7017338e+01   1.0773299e+00   0.0000000e+00
   1.7041542e+01   1.0752340e+00   0.0000000e+00
   1.7065747e+01   1.0731351e+00   0.0000000e+00
   1.7089951e+01   1.0710332e+00   0.0000000e+00
   1.7114155e+01   1.0689283e+00   0.0000000e+00
   1.7138359e+01   1.0668205e+00   0.0000000e+00
   1.7162562e+01   1.0647097e+00   0.0000000e+00
   1.7186766e+01   1.0625959e+00   0.0000000e+00
   1.7210969e+01   1.0604791e+00   0.0000000e+00
   1.7235171e+01   1.0583593e+00   0.0000000e+00
   1.7259374e+01   1.0562366e+00   0.0000000e+00
   1.7283576e+01   1.0541109e+00   0.0000000e+00
   1.7307778e+01   1.0519822e+00   0.0000000e+00
   1.7331979e+01   1.0498505e+00   0.0000000e+00
   1.7356181e+01   1.0477159e+00   0.0000000e+00
   1.7380382e+01   1.0455782e+00   0.0000000e+00
   1.7404583e+01   1.0434376e+00   0.0000000e+00
   1.7428783e+01   1.0412940e+00   0.0000000e+00
   1.7452984e+01   1.0391475e+00   0.0000000e+00
   1.7477184e+01   1.0369979e+00   0.0000000e+00
   1.7501383e+01   1.0348454e+00   0.0000000e+00
   1.7525583e+01   1.0326899e+00   0.0000000e+00
   1.7549782e+01   1.0305314e+00   0.0000000e+00
   1.7573981e+01   1.0283700e+00   0.0000000e+00
   1.7598180e+01   1.0262055e+00   0.0000000e+00
   1.7622378e+01   1.0240381e+00   0.0000000e+00
   1.7646577e+01   1.0218677e+00   0.0000000e+00
   1.7670775e+01   1.0196944e+00   0.0000000e+00
   1.7694972e+01   1.0175180e+00   0.0000000e+00
   1.7719170e+01   1.0153387e+00   0.0000000e+00
   1.7743367e+01   1.0131564e+00   0.0000000e+00
   1.7767564e+01   1.0109711e+00   0.0000000e+00
   1.7791760e+01   1.0087828e+00   0.0000000e+00
   1.7815956e+01   1.0065916e+00   0.0000000e+00
   1.7840153e+01   1.0043974e+00   0.0000000e+00
   1.7864348e+01   1.0022002e+00   0.0000000e+00
   1.7888544e+01   1.0000000e+00   0.0000000e+00
   1.7888544e+01   1.4129718e+00   0.0000000e+00
   1.7909916e+01   1.4090307e+00   0.0000000e+00
   1.7931287e+01   1.4050848e+00   0.0000000e+00
   1.7952657e+01   1.4011342e+00   0.0000000e+00
   1.7974027e+01   1.3971790e+00   0.0000000e+00
   1.7995395e+01   1.3932190e+00   0.0000000e+00
   1.8016763e+01   1.3892543e+00   0.0000000e+00
   1.8038130e+01   1.3852849e+00   0.0000000e+00
   1.8059496e+01   1.3813108e+00   0.0000000e+00
   1.8080861e+01   1.3773320e+00   0.0000000e+00
   1.8102225e+01   1.3733485e+00   0.0000000e+00
   1.8123588e+01   1.3693603e+00   0.0000000e+00
   1.8144951e+01   1.3653673e+00   0.0000000e+00
   1.8166312e+01   1.3613697e+00   0.0000000e+00
   1.8187673e+01   1.3573674e+00   0.0000000e+00
   1.8209033e+01   1.3533604e+00   0.0000000e+00
   1.8230391e+01   1.3493486e+00   0.0000000e+00
   1.8251749e+01   1.3453322e+00   0.0000000e+00
   1.8273107e+01   1.3413111e+00   0.0000000e+00
   1.8294463e+01   1.3372852e+00   0.0000000e+00
   1.8315818e+01   1.3332547e+00   0.0000000e+00
   1.8337173e+01   1.3292195e+00   0.0000000e+00
   1.8358526e+01   1.3251795e+00   0.0000000e+00
   1.8379879e+01   1.3211349e+00   0.0000000e+00
   1.8401231e+01   1.3170855e+00   0.0000000e+00
   1.8422582e+01   1.3130315e+00   0.0000000e+00
   1.8443932e+01   1.3089727e+00   0.0000000e+00
   1.8465281e+01   1.3049093e+00   0.0000000e+00
   1.8486629e+01   1.3008411e+00   0.0000000e+00
   1.8507976e+01   1.2967683e+00   0.0000000e+00
   1.8529323e+01   1.2926907e+00   0.0000000e+00
   1.8550668e+01   1.2886085e+00   0.0000000e+00
   1.8572013e+01   1.2845215e+00   0.0000000e+00
   1.8593357e+01   1.2804299e+00   0.0000000e+00
   1.8614699e+01   1.2763335e+00   0.0000000e+00
   1.8636041e+01   1.2722325e+00   0.0000000e+00
   1.8657382e+01   1.2681267e+00   0.0000000e+00
   1.8678722e+01   1.2640163e+00   0.0000000e+00
   1.8700062e+01   1.2599011e+00   0.0000000e+00
   1.8721400e+01   1.2557813e+00   0.0000000e+00
   1.8742737e+01   1.2516567e+00   0.0000000e+00
   1.8764074e+01   1.2475275e+00   0.0000000e+00
   1.8785409e+01   1.2433936e+00   0.0000000e+00
   1.8806744e+01   1.2392549e+00   0.0000000e+00
   1.8828078e+01   1.2351116e+00   0.0000000e+00
   1.8849411e+01   1.2309635e+00   0.0000000e+00
   1.8870743e+01   1.2268108e+00   0.0000000e+00
   1.8892074e+01   1.2226534e+00   0.0000000e+00
   1.8913404e+01   1.2184913e+00   0.0000000e+00
   1.8934733e+01   1.2143245e+00   0.0000000e+00
   1.8956061e+01   1.2101529e+00   0.0000000e+00
   1.8977389e+01   1.2059767e+00   0.0000000e+00
   1.8998715e+01   1.2017958e+00   0.0000000e+00
   1.9020040e+01   1.1976102e+00   0.0000000e+00
   1.9041365e+01   1.1934199e+00   0.0000000e+00
   1.9062689e+01   1.1892249e+00   0.0000000e+00
   1.9084011e+01   1.1850252e+00   0.0000000e+00
   1.9105333e+01   1.1808209e+00   0.0000000e+00
   1.9126654e+01   1.1766118e+00   0.0000000e+00
   1.9147974e+01   1.1723980e+00   0.0000000e+00
   1.9169293e+01   1.1681795e+00   0.0000000e+00
   1.9190611e+01   1.1639564e+00   0.0000000e+00
   1.9211928e+01   1.1597285e+00   0.0000000e+00
   1.9233245e+01   1.1554960e+00   0.0000000e+00
   1.9254560e+01   1.1512587e+00   0.0000000e+00
   1.9275874e+01   1.1470168e+00   0.0000000e+00
   1.9297188e+01   1.1427702e+00   0.0000000e+00
   1.9318500e+01   1.1385188e+00   0.0000000e+00
   1.9339812e+01   1.1342628e+00   0.0000000e+00
   1.9361122e+01   1.1300021e+00   0.0000000e+00
   1.9382432e+01   1.1257367e+00   0.0000000e+00
   1.9403741e+01   1.1214666e+00   0.0000000e+00
   1.9425049e+01   1.1171919e+00   0.0000000e+00
   1.9446355e+01   1.1129124e+00   0.0000000e+00
   1.9467661e+01   1.1086282e+00   0.0000000e+00
   1.9488966e+01   1.1043394e+00   0.0000000e+00
   1.9510270e+01   1.1000458e+00   0.0000000e+00
   1.9531574e+01   1.0957476e+00   0.0000000e+00
   1.9552876e+01   1.0914446e+00   0.0000000e+00
   1.9574177e+01   1.0871370e+00   0.0000000e+00
   1.9595477e+01   1.0828247e+00   0.0000000e+00
   1.9616776e+01   1.0785077e+00   0.0000000e+00
   1.9638075e+01   1.0741860e+00   0.0000000e+00
   1.9659372e+01   1.0698596e+00   0.0000000e+00
   1.9680669e+01   1.0655286e+00   0.0000000e+00
   1.9701964e+01   1.0611928e+00   0.0000000e+00
   1.9723259e+01   1.0568524e+00   0.0000000e+00
   1.9744552e+01   1.0525072e+00   0.0000000e+00
   1.9765845e+01   1.0481574e+00   0.0000000e+00
   1.9787136e+01   1.0438029e+00   0.0000000e+00
   1.9808427e+01   1.0394437e+00   0.0000000e+00
   1.9829717e+01   1.0350798e+00   0.0000000e+00
   1.9851006e+01   1.0307113e+00   0.0000000e+00
   1.9872293e+01   1.0263380e+00   0.0000000e+00
   1.9893580e+01   1.0219600e+00   0.0000000e+00
   1.9914866e+01   1.0175774e+00   0.0000000e+00
   1.9936151e+01   1.0131901e+00   0.0000000e+00
   1.9957435e+01   1.0087981e+00   0.0000000e+00
   1.9978718e+01   1.0044014e+00   0.0000000e+00
   2.0000000e+01   1.0000000e+00   0.0000000e+00
