1.027546 -1.739358 0.000000
1.062768 -1.748488 0.000000
1.098732 -1.757571 0.000000
1.135463 -1.766603 0.000000
1.172983 -1.775579 0.000000
1.211317 -1.784496 0.000000
1.250492 -1.793350 0.000000
1.290535 -1.802136 0.000000
1.331473 -1.810850 0.000000
1.373337 -1.819486 0.000000
1.416156 -1.828040 0.000000
1.459962 -1.836505 0.000000
1.504790 -1.844876 0.000000
1.550673 -1.853147 0.000000
1.597648 -1.861311 0.000000
1.645753 -1.869360 0.000000
1.695028 -1.877287 0.000000
1.745512 -1.885084 0.000000
1.797251 -1.892743 0.000000
1.850289 -1.900254 0.000000
1.904673 -1.907609 0.000000
1.960454 -1.914795 0.000000
2.017682 -1.921804 0.000000
2.076413 -1.928622 0.000000
2.136704 -1.935239 0.000000
2.198613 -1.941640 0.000000
2.262205 -1.947812 0.000000
2.327545 -1.953740 0.000000
2.394702 -1.959408 0.000000
2.463749 -1.964800 0.000000
2.534763 -1.969897 0.000000
2.607824 -1.974680 0.000000
2.683018 -1.979129 0.000000
2.760433 -1.983222 0.000000
2.840163 -1.986936 0.000000
2.922309 -1.990246 0.000000
3.006975 -1.993125 0.000000
3.094271 -1.995546 0.000000
3.184315 -1.997477 0.000000
3.277230 -1.998886 0.000000
3.373148 -1.999739 0.000000
3.472205 -1.999998 0.000000
3.574550 -1.999623 0.000000
3.680338 -1.998572 0.000000
3.789734 -1.996798 0.000000
3.902913 -1.994253 0.000000
4.020061 -1.990882 0.000000
4.141376 -1.986629 0.000000
4.267069 -1.981433 0.000000
4.397365 -1.975227 0.000000
4.532502 -1.967940 0.000000
4.672736 -1.959496 0.000000
4.818339 -1.949810 0.000000
4.969603 -1.938795 0.000000
5.126840 -1.926351 0.000000
5.290382 -1.912375 0.000000
5.460589 -1.896754 0.000000
5.637843 -1.879362 0.000000
5.822557 -1.860068 0.000000
6.015175 -1.838725 0.000000
6.216174 -1.815176 0.000000
6.426069 -1.789248 0.000000
6.645415 -1.760754 0.000000
6.874811 -1.729489 0.000000
7.114907 -1.695229 0.000000
7.366406 -1.657730 0.000000
7.630070 -1.616725 0.000000
7.906727 -1.571918 0.000000
8.197278 -1.522988 0.000000
8.502704 -1.469579 0.000000
8.824075 -1.411301 0.000000
9.162563 -1.347723 0.000000
9.519446 -1.278367 0.000000
9.896129 -1.202707 0.000000
10.294155 -1.120158 0.000000
10.715221 -1.030071 0.000000
11.161199 -0.931722 0.000000
11.634155 -0.824307 0.000000
12.136381 -0.706924 0.000000
12.670416 -0.578567 0.000000
13.239085 -0.438104 0.000000
13.845537 -0.284264 0.000000
14.493294 -0.115611 0.000000
15.186298 0.069474 0.000000
15.928980 0.272830 0.000000
16.726333 0.496545 0.000000
17.584000 0.743000 0.000000
18.508377 1.014916 0.000000
19.506740 1.315419 0.000000
20.587395 1.648102 0.000000
21.759859 2.017122 0.000000
23.035074 2.427297 0.000000
24.425682 2.884241 0.000000
25.946346 3.394517 0.000000
27.614154 3.965843 0.000000
29.449119 4.607329 0.000000
31.474805 5.329791 0.000000
33.719113 6.146142 0.000000
36.215278 7.071888 0.000000
39.003150 8.125776 0.000000
42.130840 9.330620 0.000000
45.656877 10.714399 0.000000
49.653043 12.311706 0.000000
54.208164 14.165686 0.000000
59.433213 16.330677 0.000000
65.468320 18.875835 0.000000
72.492492 21.890201 0.000000
80.737362 25.489905 0.000000
90.506962 29.828565 0.000000
102.206766 35.112662 0.000000
116.387314 41.624728 0.000000
133.811439 49.759283 0.000000
155.560924 60.080127 0.000000
183.211457 73.414804 0.000000
219.130898 91.016464 0.000000
267.011309 114.854049 0.000000
332.870487 148.161357 0.000000
427.064427 196.545946 0.000000
568.671734 270.417436 0.000000
796.083553 390.883033 0.000000
1196.332879 606.160888 0.000000
2003.522218 1046.956633 0.000000
4042.429247 2177.427212 0.000000
12152.351155 6743.916235 0.000000
178281.141247 101884.174668 0.000000
52060.935991 30624.961317 0.000000
7994.663253 4838.958501 0.000000
3073.465479 1913.403052 0.000000
1606.873112 1028.575188 0.000000
981.944589 646.068827 0.000000
659.575722 445.928613 0.000000
472.079305 327.873312 0.000000
353.632340 252.246204 0.000000
274.140924 200.783679 0.000000
218.269699 164.111488 0.000000
177.540878 137.010081 0.000000
146.960240 116.382713 0.000000
123.431689 100.295987 0.000000
104.953680 87.491196 0.000000
90.186088 77.119660 0.000000
78.204513 68.591878 0.000000
68.354771 61.487767 0.000000
60.163481 55.501236 0.000000
53.281331 50.404858 0.000000
47.446066 46.026711 0.000000
42.457730 42.234815 0.000000
38.161751 38.926446 0.000000
34.437133 36.020649 0.000000
31.188093 33.452900 0.000000
28.338020 31.171242 0.000000
25.825055 29.133440 0.000000
23.598824 27.304868 0.000000
21.617968 25.656908 0.000000
19.848288 24.165736 0.000000
18.261305 22.811382 0.000000
16.833155 21.576999 0.000000
15.543723 20.448296 0.000000
14.375959 19.413076 0.000000
13.315337 18.460879 0.000000
12.349419 17.582693 0.000000
11.467509 16.770715 0.000000
10.660366 16.018160 0.000000
9.919978 15.319105 0.000000
9.239366 14.668362 0.000000
8.612436 14.061366 0.000000
8.033841 13.494089 0.000000
7.498879 12.962966 0.000000
7.003400 12.464828 0.000000
6.543733 11.996855 0.000000
6.116618 11.556528 0.000000
5.719154 11.141590 0.000000
5.348753 10.750014 0.000000
5.003101 10.379977 0.000000
4.680122 10.029833 0.000000
4.377952 9.698094 0.000000
4.094912 9.383412 0.000000
3.829487 9.084563 0.000000
3.580307 8.800432 0.000000
3.346131 8.530006 0.000000
3.125834 8.272356 0.000000
2.918391 8.026634 0.000000
2.722870 7.792063 0.000000
2.538421 7.567930 0.000000
2.364266 7.353578 0.000000
2.199696 7.148405 0.000000
2.044057 6.951852 0.000000
1.896753 6.763407 0.000000
1.757233 6.582594 0.000000
1.624993 6.408972 0.000000
1.499567 6.242134 0.000000
1.380525 6.081701 0.000000
1.267469 5.927321 0.000000
1.160033 5.778667 0.000000
1.057878 5.635434 0.000000
0.960688 5.497337 0.000000
0.868170 5.364112 0.000000
0.780055 5.235510 0.000000
0.696089 5.111299 0.000000
0.616037 4.991262 0.000000
0.539682 4.875196 0.000000
0.466818 4.762909 0.000000
0.397257 4.654223 0.000000
0.330819 4.548969 0.000000
0.267340 4.446989 0.000000
0.206662 4.348133 0.000000
0.148642 4.252261 0.000000
0.093142 4.159242 0.000000
0.040035 4.068949 0.000000
-0.010800 3.981265 0.000000
-0.059475 3.896079 0.000000
-0.106096 3.813285 0.000000
-0.150763 3.732784 0.000000
-0.193570 3.654480 0.000000
-0.234606 3.578286 0.000000
-0.273952 3.504116 0.000000
-0.311689 3.431889 0.000000
-0.347890 3.361529 0.000000
-0.382625 3.292965 0.000000
-0.415960 3.226126 0.000000
-0.447958 3.160947 0.000000
-0.478677 3.097367 0.000000
-0.508175 3.035325 0.000000
-0.536503 2.974765 0.000000
-0.563712 2.915633 0.000000
-0.589850 2.857879 0.000000
-0.614961 2.801452 0.000000
-0.639088 2.746306 0.000000
-0.662273 2.692397 0.000000
-0.684553 2.639681 0.000000
-0.705966 2.588118 0.000000
-0.726546 2.537669 0.000000
-0.746326 2.488297 0.000000
-0.765338 2.439966 0.000000
-0.783611 2.392641 0.000000
-0.801176 2.346291 0.000000
-0.818058 2.300883 0.000000
-0.834283 2.256387 0.000000
-0.849877 2.212775 0.000000
-0.864863 2.170018 0.000000
-0.879264 2.128091 0.000000
-0.893101 2.086968 0.000000
-0.906394 2.046623 0.000000
-0.919163 2.007035 0.000000
-0.931428 1.968179 0.000000
-0.943205 1.930034 0.000000
-0.954512 1.892580 0.000000
-0.965365 1.855795 0.000000
-0.975781 1.819661 0.000000
-0.985773 1.784159 0.000000
-0.995357 1.749270 0.000000
-1.004546 1.714978 0.000000
-1.013353 1.681266 0.000000
-1.021791 1.648117 0.000000
-1.029872 1.615517 0.000000
-1.037608 1.583449 0.000000
-1.045009 1.551900 0.000000
-1.052087 1.520855 0.000000
-1.058851 1.490301 0.000000
-1.065312 1.460225 0.000000
-1.071479 1.430615 0.000000
-1.077361 1.401457 0.000000
-1.082966 1.372741 0.000000
-1.088303 1.344455 0.000000
-1.093381 1.316587 0.000000
-1.098206 1.289128 0.000000
-1.102786 1.262067 0.000000
-1.107129 1.235393 0.000000
-1.111241 1.209098 0.000000
-1.115129 1.183172 0.000000
-1.118799 1.157605 0.000000
-1.122257 1.132390 0.000000
-1.125509 1.107517 0.000000
-1.128561 1.082978 0.000000
-1.131418 1.058765 0.000000
-1.134086 1.034870 0.000000
-1.136570 1.011287 0.000000
-1.138873 0.988007 0.000000
-1.141002 0.965023 0.000000
-1.142961 0.942329 0.000000
-1.144753 0.919918 0.000000
-1.146384 0.897783 0.000000
-1.147857 0.875918 0.000000
-1.149175 0.854317 0.000000
-1.150344 0.832973 0.000000
-1.151367 0.811882 0.000000
-1.152246 0.791037 0.000000
-1.152985 0.770434 0.000000
-1.153588 0.750066 0.000000
-1.154058 0.729928 0.000000
-1.154398 0.710016 0.000000
-1.154610 0.690324 0.000000
-1.154698 0.670848 0.000000
-1.154663 0.651583 0.000000
-1.154510 0.632524 0.000000
-1.154240 0.613668 0.000000
-1.153855 0.595010 0.000000
-1.153359 0.576545 0.000000
-1.152753 0.558269 0.000000
-1.152039 0.540179 0.000000
-1.151220 0.522271 0.000000
-1.150298 0.504541 0.000000
-1.149274 0.486985 0.000000
-1.148150 0.469599 0.000000
-1.146929 0.452381 0.000000
-1.145612 0.435326 0.000000
-1.144200 0.418432 0.000000
-1.142696 0.401694 0.000000
-1.141100 0.385111 0.000000
-1.139415 0.368678 0.000000
-1.137642 0.352394 0.000000
-1.135782 0.336254 0.000000
-1.133836 0.320255 0.000000
-1.131806 0.304396 0.000000
-1.129694 0.288674 0.000000
-1.127499 0.273084 0.000000
-1.125224 0.257626 0.000000
-1.122870 0.242296 0.000000
-1.120437 0.227092 0.000000
-1.117927 0.212012 0.000000
-1.115340 0.197052 0.000000
-1.112678 0.182211 0.000000
-1.109941 0.167487 0.000000
-1.107130 0.152876 0.000000
-1.104247 0.138378 0.000000
-1.101291 0.123989 0.000000
-1.098264 0.109707 0.000000
-1.095166 0.095531 0.000000
-1.091998 0.081459 0.000000
-1.088760 0.067488 0.000000
-1.085454 0.053617 0.000000
-1.082080 0.039843 0.000000
-1.078638 0.026165 0.000000
-1.075128 0.012581 0.000000
-1.071552 -0.000911 0.000000
-1.067910 -0.014313 0.000000
-1.064202 -0.027626 0.000000
-1.060429 -0.040852 0.000000
-1.056591 -0.053993 0.000000
-1.052688 -0.067050 0.000000
-1.048720 -0.080025 0.000000
-1.044689 -0.092919 0.000000
-1.040594 -0.105735 0.000000
-1.036435 -0.118473 0.000000
-1.032213 -0.131135 0.000000
-1.027928 -0.143722 0.000000
-1.023580 -0.156236 0.000000
-1.019169 -0.168679 0.000000
-1.014696 -0.181051 0.000000
-1.010160 -0.193355 0.000000
-1.005561 -0.205591 0.000000
-1.000900 -0.217760 0.000000
-0.996177 -0.229864 0.000000
-0.991391 -0.241905 0.000000
-0.986543 -0.253882 0.000000
-0.981633 -0.265799 0.000000
-0.976660 -0.277655 0.000000
-0.971624 -0.289452 0.000000
-0.966526 -0.301192 0.000000
-0.961365 -0.312875 0.000000
-0.956141 -0.324502 0.000000
-0.950854 -0.336074 0.000000
-0.945504 -0.347594 0.000000
-0.940091 -0.359060 0.000000
-0.934613 -0.370476 0.000000
-0.929072 -0.381841 0.000000
-0.923467 -0.393157 0.000000
-0.917797 -0.404425 0.000000
-0.912063 -0.415646 0.000000
-0.906264 -0.426820 0.000000
-0.900399 -0.437948 0.000000
-0.894468 -0.449033 0.000000
-0.888471 -0.460074 0.000000
-0.882408 -0.471072 0.000000
-0.876278 -0.482028 0.000000
-0.870080 -0.492944 0.000000
-0.863814 -0.503820 0.000000
-0.857480 -0.514657 0.000000
-0.851077 -0.525455 0.000000
-0.844605 -0.536216 0.000000
-0.838063 -0.546941 0.000000
-0.831450 -0.557629 0.000000
-0.824766 -0.568283 0.000000
-0.818010 -0.578902 0.000000
-0.811181 -0.589489 0.000000
-0.804280 -0.600042 0.000000
-0.797304 -0.610564 0.000000
-0.790255 -0.621054 0.000000
-0.783130 -0.631514 0.000000
-0.775928 -0.641945 0.000000
-0.768651 -0.652346 0.000000
-0.761295 -0.662719 0.000000
-0.753861 -0.673065 0.000000
-0.746348 -0.683383 0.000000
-0.738754 -0.693676 0.000000
-0.731079 -0.703943 0.000000
-0.723322 -0.714185 0.000000
-0.715483 -0.724403 0.000000
-0.707559 -0.734597 0.000000
-0.699550 -0.744769 0.000000
-0.691454 -0.754918 0.000000
-0.683272 -0.765045 0.000000
-0.675001 -0.775152 0.000000
-0.666641 -0.785238 0.000000
-0.658190 -0.795304 0.000000
-0.649648 -0.805351 0.000000
-0.641012 -0.815379 0.000000
-0.632281 -0.825389 0.000000
-0.623455 -0.835381 0.000000
-0.614532 -0.845357 0.000000
-0.605511 -0.855316 0.000000
-0.596389 -0.865259 0.000000
-0.587167 -0.875187 0.000000
-0.577841 -0.885099 0.000000
-0.568412 -0.894998 0.000000
-0.558876 -0.904883 0.000000
-0.549233 -0.914754 0.000000
-0.539480 -0.924613 0.000000
-0.529617 -0.934459 0.000000
-0.519641 -0.944294 0.000000
-0.509551 -0.954117 0.000000
-0.499345 -0.963930 0.000000
-0.489020 -0.973732 0.000000
-0.478576 -0.983524 0.000000
-0.468009 -0.993306 0.000000
-0.457319 -1.003080 0.000000
-0.446502 -1.012844 0.000000
-0.435557 -1.022601 0.000000
-0.424482 -1.032350 0.000000
-0.413274 -1.042091 0.000000
-0.401931 -1.051826 0.000000
-0.390451 -1.061554 0.000000
-0.378831 -1.071275 0.000000
-0.367069 -1.080991 0.000000
-0.355161 -1.090702 0.000000
-0.343107 -1.100407 0.000000
-0.330902 -1.110108 0.000000
-0.318545 -1.119804 0.000000
-0.306032 -1.129496 0.000000
-0.293360 -1.139185 0.000000
-0.280526 -1.148869 0.000000
-0.267528 -1.158551 0.000000
-0.254362 -1.168230 0.000000
-0.241025 -1.177907 0.000000
-0.227513 -1.187581 0.000000
-0.213824 -1.197253 0.000000
-0.199953 -1.206923 0.000000
-0.185898 -1.216591 0.000000
-0.171654 -1.226259 0.000000
-0.157217 -1.235925 0.000000
-0.142584 -1.245590 0.000000
-0.127750 -1.255254 0.000000
-0.112713 -1.264917 0.000000
-0.097466 -1.274581 0.000000
-0.082006 -1.284243 0.000000
-0.066329 -1.293906 0.000000
-0.050429 -1.303568 0.000000
-0.034302 -1.313230 0.000000
-0.017944 -1.322892 0.000000
-0.001348 -1.332555 0.000000
0.015490 -1.342217 0.000000
0.032575 -1.351879 0.000000
0.049913 -1.361541 0.000000
0.067510 -1.371203 0.000000
0.085371 -1.380865 0.000000
0.103503 -1.390526 0.000000
0.121911 -1.400187 0.000000
0.140602 -1.409848 0.000000
0.159583 -1.419507 0.000000
0.178861 -1.429166 0.000000
0.198441 -1.438824 0.000000
0.218333 -1.448479 0.000000
0.238542 -1.458133 0.000000
0.259077 -1.467785 0.000000
0.279945 -1.477434 0.000000
0.301155 -1.487080 0.000000
0.322715 -1.496722 0.000000
0.344634 -1.506361 0.000000
0.366921 -1.515994 0.000000
0.389584 -1.525622 0.000000
0.412635 -1.535244 0.000000
0.436081 -1.544859 0.000000
0.459935 -1.554467 0.000000
0.484206 -1.564066 0.000000
0.508905 -1.573655 0.000000
0.534043 -1.583234 0.000000
0.559633 -1.592802 0.000000
0.585686 -1.602357 0.000000
0.612215 -1.611898 0.000000
0.639233 -1.621423 0.000000
0.666753 -1.630932 0.000000
0.694789 -1.640423 0.000000
0.723356 -1.649894 0.000000
0.752468 -1.659343 0.000000
0.782141 -1.668769 0.000000
0.812391 -1.678170 0.000000
0.843234 -1.687543 0.000000
0.874689 -1.696887 0.000000
0.906773 -1.706199 0.000000
0.939503 -1.715477 0.000000
0.972901 -1.724717 0.000000
