0 0 1.5
1.24999999999995e-07 0 1.74999999999997
0.000547748245358126 0 1.99999940021681
0.00164310086247274 0 2.24999700061058
0.00328628498974605 0 2.49999160044411
0.00547739877016871 0 2.74998199830051
0.00821653634400381 0 2.99996699210084
0.0115037878415708 0 3.24994537912178
0.01533923937613 0 3.49991595601339
0.0197229730368691 0 3.74987751881694
0.0246550668819906 0 3.99982886298277
0.0301355949319036 0 4.24976878338824
0.0361646271625181 0 4.49969607435576
0.0427422294986437 0 4.74960952967081
0.0498684638074932 0 4.99950794260009
0.0575433878922925 0 5.24939010590971
0.0657670554859952 0 5.49925481188338
0.0745395162451061 0 5.74910085234075
0.0838608157436106 0 5.99892701865577
0.0937309954670131 0 6.24873210177505
0.104150092806485 0 6.49851489223634
0.115118141053119 0 6.74827418018708
0.126635169392301 0 6.99800875540292
0.138701202898182 0 7.24771740730636
0.151316262528272 0 7.49739892498544
0.164480365118138 0 7.74705209721244
0.178193523376219 0 7.99667571246266
0.192455745878756 0 8.24626855893324
0.207267037064827 0 8.49582942456205
0.22262739723151 0 8.74535709704659
0.238536822529145 0 8.99485036386294
0.25499530495673 0 9.24430801228484
0.272002832357414 0 9.49372882940265
0.289559388414123 0 9.74311160214252
0.307664952645291 0 9.99245511728553
0.32631950040072 0 10.2417581614868
0.345523002857547 0 10.491019521295
0.36527542701634 0 10.740237983171
0.385576735697306 0 10.9894123335079
0.406426887536624 0 11.2385413586501
0.427825836982893 0 11.4876238449124
0.44977353429371 0 11.7366585785997
0.472269925532357 0 11.9856443460268
0.495314952564623 0 12.2345799335371
0.518908553055738 0 12.4834641275227
0.543050660467433 0 12.7322957144439
0.567741204055131 0 12.9810734808486
0.592980108865244 0 13.2297962133923
0.618767295732617 0 13.4784626988572
0.645102681278076 0 13.7270717241724
0.671986177906114 0 13.9756220764334
0.699417693802696 0 14.2241125429218
0.727397132933196 0 14.4725419111252
0.75592439504045 0 14.7209089687569
0.784999375642949 0 14.969212503776
0.814621966033147 0 15.2174513044067
0.844792053275902 0 15.4656241591587
0.875509520207047 0 15.7137298568469
0.906774245432084 0 15.9617671866112
0.938586103325007 0 16.2097349379366
0.970944964027257 0 16.4576319006733
1.00385069344681 0 16.7054568650561
1.03730315325737 0 16.9532086217252
1.07130220089773 0 17.2008859617456
1.10584768957124 0 17.4484876766272
1.1409394682454 0 17.6960125583451
1.17657738165161 0 17.9434593993596
1.21276127028498 0 18.190826992636
1.24949097040441 0 18.438114131665
1.28676631403263 0 18.6853196104825
1.32458712895652 0 18.93244222369
1.36295323872745 0 19.1794807664744
1.40186446266183 0 19.4264340346284
1.44132061584175 0 19.6733008245703
1.48132150911578 0 19.9200799333646
1.52186694909984 0 20.1667701587415
1.5629567381783 0 20.4133702991175
1.60459067450516 0 20.6598791536155
1.6467685520053 0 20.9062955220848
1.68949016037603 0 21.1526182051212
1.73275528508856 0 21.3988460040871
1.77656370738981 0 21.644977721132
1.82091520430418 0 21.8910121592122
1.86580954863559 0 22.1369481221112
1.91124650896957 0 22.3827844144596
1.95722584967547 0 22.6285198417554
2.00374733090892 0 22.874153210384
2.05081070861426 0 23.1196833276385
2.09841573452727 0 23.3651090017392
2.14656215617787 0 23.6104290418547
2.19524971689311 0 23.8556422581208
2.24447815580015 0 24.1007474616616
2.29424720782949 0 24.3457434646088
2.3445566037183 0 24.5906290801221
2.39540607001379 0 24.835403122409
2.44679532907689 0 25.080064406745
2.49872409908589 0 25.3246117494935
2.55119209404036 0 25.5690439681257
2.60419902376507 0 25.8133598812406
2.65774459391412 0 26.0575583085848
2.71182850597525 0 26.3016380710728
2.76645045727412 0 26.5455979908061
